0.000000000000000000e+00 2.892627678295172644e-01
1.334256380792342831e-13 1.184384185488861381e-02
2.668512761585633304e-13 1.116846670018565094e-02
4.002769142377976387e-13 1.377037728186880292e-02
5.337025523170319471e-13 1.386706663830445871e-02
6.671281903962661544e-13 1.987389290686882720e-02
8.005538284755952775e-13 1.496038153620050069e-02
9.339794665548295858e-13 1.551284034653463949e-02
1.067405104634063894e-12 1.470947265625000347e-02
1.200830742713392916e-12 9.735046991027221028e-03
1.334256380792627225e-12 1.406926825495048369e-02
1.467682018871861533e-12 1.212665822246286954e-02
1.601107656951095639e-12 1.380494372679454997e-02
1.734533295030424863e-12 1.843600131497524081e-02
1.867958933109659172e-12 8.765011022586645731e-03
2.001384571188893278e-12 1.555502107827971478e-02
2.134810209268127788e-12 1.404787573483910409e-02
2.268235847347456810e-12 1.106247099319305517e-02
2.401661485426690917e-12 1.408256304146040215e-02
2.535087123505925427e-12 9.963233872215357390e-03
2.668512761585254449e-12 1.274208597617574115e-02
2.801938399664488555e-12 1.521987159653464226e-02
2.935364037743723066e-12 1.292180731745049341e-02
3.068789675822957172e-12 1.141333249535891534e-02
3.202215313902286194e-12 1.433081296410890736e-02
3.335640951981520704e-12 1.579033879950496322e-02
3.469066590060754811e-12 1.074255008508664434e-02
3.602492228140084237e-12 1.348333075495048751e-02
3.735917866219318343e-12 8.748090385210386191e-03
3.869343504298552450e-12 1.450328260365100173e-02
4.002769142377786556e-12 1.346943165996287994e-02
4.136194780457115982e-12 1.059534053991337266e-02
4.269620418536350088e-12 8.744101949257430256e-03
4.403046056615585002e-12 9.811673306002455935e-03
4.536471694694913621e-12 1.457857943997525538e-02
4.669897332774147727e-12 1.864134533570544275e-02
4.803322970853381833e-12 1.784716313428217835e-02
4.936748608932615940e-12 1.859445099783416794e-02
5.070174247011945366e-12 2.649590520575493408e-02
5.203599885091179472e-12 2.876109510365099098e-02
5.337025523170414386e-12 2.734798015934406662e-02
5.470451161249647685e-12 2.700473294399752949e-02
5.603876799328977111e-12 3.309326171875000278e-02
5.737302437408211217e-12 4.581564723855198473e-02
5.870728075487446131e-12 6.668954981435644414e-02
6.004153713566774750e-12 9.034266707920791950e-02
6.137579351646009664e-12 1.458384900990098987e-01
6.271004989725242962e-12 1.880910136912128938e-01
6.404430627804477877e-12 2.828666460396039861e-01
6.537856265883807303e-12 3.823141872292697974e-01
6.671281903963041409e-12 4.600521880801362040e-01
6.804707542042274707e-12 5.634096051206685107e-01
6.938133180121604134e-12 6.295549147199875906e-01
7.071558818200839048e-12 7.025003867574257654e-01
7.204984456280073154e-12 7.161841062035890770e-01
7.338410094359307260e-12 7.433347192141088744e-01
7.471835732438636686e-12 8.705498723700495489e-01
7.605261370517870793e-12 9.069005985071161291e-01
7.738687008597104899e-12 9.189530476485149313e-01
7.872112646676434325e-12 1.012808680770420855e+00
8.005538284755668432e-12 1.074134388536509555e+00
8.138963922834902538e-12 1.124056795327970093e+00
8.272389560914138260e-12 1.294258706876546761e+00
8.405815198993466070e-12 1.361131966468131393e+00
8.539240837072700177e-12 1.350731213258044239e+00
8.672666475151934283e-12 1.514634538405012387e+00
8.806092113231170005e-12 1.494877156172648380e+00
8.939517751310497815e-12 1.413398364982982436e+00
9.072943389389731922e-12 1.400310251972463060e+00
9.206369027468966028e-12 1.360501551864170988e+00
9.339794665548295454e-12 1.198105251198948284e+00
9.473220303627529560e-12 1.307006594214108919e+00
9.606645941706763667e-12 1.162369469368811803e+00
9.740071579785999389e-12 1.231261602722772075e+00
9.873497217865328815e-12 1.194245412090036984e+00
1.000692285594456131e-11 1.273182602684096887e+00
1.014034849402379541e-11 1.162457577544863563e+00
1.027377413210312484e-11 1.298810841777536806e+00
1.040719977018235894e-11 1.224694219910272164e+00
1.054062540826159305e-11 1.156531245165532074e+00
1.067405104634082877e-11 1.016950973661819191e+00
1.080747668442015820e-11 9.116615824180076544e-01
1.094090232249939069e-11 8.453512966042699972e-01
1.107432796057862480e-11 9.285360506265470937e-01
1.120775359865795422e-11 9.865957127939355420e-01
1.134117923673718994e-11 1.134840317527846754e+00
1.147460487481642243e-11 1.270656230662128738e+00
1.160803051289565816e-11 1.355198261525371262e+00
1.174145615097498597e-11 1.446274196511448284e+00
1.187488178905422169e-11 1.350228791189665767e+00
1.200830742713345418e-11 1.282510829207920811e+00
1.214173306521268990e-11 1.282460671604269908e+00
1.227515870329201933e-11 9.664247418394185107e-01
1.240858434137125182e-11 6.305150400293935142e-01
1.254200997945048592e-11 3.568918964650371062e-01
1.267543561752981535e-11 2.608481832069925455e-01
1.280886125560905107e-11 1.286176322710396169e-01
1.294228689368828356e-11 7.503553333849008466e-02
1.307571253176751929e-11 4.869203473081682582e-02
1.320913816984684710e-11 2.527931137840346704e-02
1.334256380792608282e-11 2.482462967976486329e-02
1.347598944600531692e-11 2.063362952506187994e-02
1.360941508408464473e-11 1.653762666305692158e-02
1.374284072216388046e-11 1.656119469368812214e-02
1.387626636024311456e-11 1.433057124071783137e-02
1.400969199832234705e-11 1.640359104269802429e-02
1.414311763640167810e-11 1.321102935488860722e-02
1.427654327448091059e-11 1.905191251547030257e-02
1.440996891256014631e-11 1.393221109220298126e-02
1.454339455063947573e-11 1.684884552908416308e-02
