3.335640951981804846e-13 3.046749811619520361e-03
6.671281903963136123e-13 8.736752606637310237e-04
1.000692285594494097e-12 1.697265671100467400e-03
1.334256380792627225e-12 2.760333352489396843e-03
1.667820475990760352e-12 1.217237329110503266e-02
2.001384571188940534e-12 1.371932425536215305e-02
2.334948666387073864e-12 2.712370678782462935e-02
2.668512761585254449e-12 3.194474633783102313e-02
3.002076856783387375e-12 3.947286121547222137e-02
3.335640951981520704e-12 4.697242751717567444e-02
3.669205047179701290e-12 8.669819831848143976e-02
4.002769142377834216e-12 1.277649991214275249e-01
4.336333237576014801e-12 1.666957557201385609e-01
4.669897332774147727e-12 1.397846058011054937e-01
5.003461427972280653e-12 1.203093774616718348e-01
5.337025523170461238e-12 9.615090191364288053e-02
5.670589618368594972e-12 8.860114477574825009e-02
6.004153713566774750e-12 8.666119053959846219e-02
6.337717808764907675e-12 8.603151887655258179e-02
6.671281903963041409e-12 6.027567982673644881e-02
7.004845999161221187e-12 5.010710619390010973e-02
7.338410094359354112e-12 4.169022385030984879e-02
7.671974189557534698e-12 3.515764828771352629e-02
8.005538284755668432e-12 2.640418978407978873e-02
8.339102379953802165e-12 2.135174926370382240e-02
8.672666475151981135e-12 1.842451100237667630e-02
9.006230570350114869e-12 1.794711849652230740e-02
9.339794665548295454e-12 2.063612379133701255e-02
9.673358760746429188e-12 2.309811655431985924e-02
1.000692285594456131e-11 1.185765806585550343e-02
1.034048695114274189e-11 5.017211055383085858e-03
1.067405104634087401e-11 2.211562526645138773e-03
1.100761514153905459e-11 -1.018399139866232872e-03
1.134117923673718994e-11 4.481507588934618763e-04
1.167474333193532206e-11 -2.156941767316311511e-03
1.200830742713350265e-11 -1.402498506286065007e-03
