0.000000000000000000e+00 1.859034170018564538e-02
1.334256380792342831e-13 1.422028494353342991e-02
2.668512761585633304e-13 1.849425665222771686e-02
4.002769142377976387e-13 2.289120513613862595e-02
5.337025523170319471e-13 1.456836662670173491e-02
6.671281903962661544e-13 2.629678556234528106e-02
8.005538284755952775e-13 1.382204565671410479e-02
9.339794665548295858e-13 2.148920946782178695e-02
1.067405104634063894e-12 1.561805045250617800e-02
1.200830742713392916e-12 2.109882619121287300e-02
1.334256380792627225e-12 2.813962426516087439e-02
1.467682018871861533e-12 1.997874042775369882e-02
1.601107656951095639e-12 2.215515741027228661e-02
1.734533295030424863e-12 1.617008624690592644e-02
1.867958933109659172e-12 1.625166789139852186e-02
2.001384571188893278e-12 2.288788143951114157e-02
2.134810209268127788e-12 1.739048721766707148e-02
2.268235847347456810e-12 2.289362237004949688e-02
2.401661485426690917e-12 3.066835309019183553e-02
2.535087123505925427e-12 2.586712223468438931e-02
2.668512761585254449e-12 3.294810682240100624e-02
2.801938399664488555e-12 4.919705532564975364e-02
2.935364037743723066e-12 5.423880095529088480e-02
3.068789675822957172e-12 8.860401115795171756e-02
3.202215313902286194e-12 1.021634847810952845e-01
3.335640951981520704e-12 1.174325470877165822e-01
3.469066590060754811e-12 1.988075180809097398e-01
3.602492228140084237e-12 2.008458505762685808e-01
3.735917866219318343e-12 2.525417214573019153e-01
3.869343504298552450e-12 2.998790174427598543e-01
4.002769142377786556e-12 2.295946177869740423e-01
4.136194780457115982e-12 2.820395290261447641e-01
4.269620418536350088e-12 2.152990964379641325e-01
4.403046056615585002e-12 3.868894671449565337e-01
4.536471694694913621e-12 4.745208438080136260e-01
4.669897332774147727e-12 5.423290894763304060e-01
4.803322970853381833e-12 5.005919201539293928e-01
4.936748608932615940e-12 6.141227495552289417e-01
5.070174247011945366e-12 6.856934198058477481e-01
5.203599885091179472e-12 7.871199503983601353e-01
5.337025523170414386e-12 5.461498298267325469e-01
5.470451161249647685e-12 6.717263401144802915e-01
5.603876799328977111e-12 6.519207340655940319e-01
5.737302437408211217e-12 7.560696743502475226e-01
5.870728075487446131e-12 6.105627683129637440e-01
6.004153713566774750e-12 6.266095756304146391e-01
6.137579351646009664e-12 7.052917480468748890e-01
6.271004989725242962e-12 6.910197947284962838e-01
6.404430627804477877e-12 6.741861777730506766e-01
6.537856265883807303e-12 6.458002978032177932e-01
6.671281903963041409e-12 6.648462880956063081e-01
6.804707542042274707e-12 7.240896697091585565e-01
6.938133180121604134e-12 7.569377634784962838e-01
7.071558818200839048e-12 6.516237164487933553e-01
7.204984456280073154e-12 7.335939312925432443e-01
7.338410094359307260e-12 7.620459830406867141e-01
7.471835732438636686e-12 7.673774945853962803e-01
7.605261370517870793e-12 8.715889807974940284e-01
7.738687008597104899e-12 9.401680219291458362e-01
7.872112646676434325e-12 9.178871683555074323e-01
8.005538284755668432e-12 9.504778267133353609e-01
8.138963922834902538e-12 9.772423470374380639e-01
8.272389560914138260e-12 8.566939854385828834e-01
8.405815198993466070e-12 8.566169361076731992e-01
8.539240837072700177e-12 6.421161311687809681e-01
8.672666475151934283e-12 4.160839118579826579e-01
8.806092113231170005e-12 2.618042596495978591e-01
8.939517751310497815e-12 1.996487154818996912e-01
9.072943389389731922e-12 1.156063268680383310e-01
9.206369027468966028e-12 4.656559405940592644e-02
9.339794665548295454e-12 4.268381855275371617e-02
9.473220303627529560e-12 4.075214650371287300e-02
9.606645941706763667e-12 3.007099415996290423e-02
9.740071579785999389e-12 2.545558816135519431e-02
9.873497217865328815e-12 2.225486830909653366e-02
1.000692285594456131e-11 2.164723613474626648e-02
1.014034849402379541e-11 2.587951055847773074e-02
1.027377413210312484e-11 1.948502040145421582e-02
1.040719977018235894e-11 2.532112952506185288e-02
1.054062540826159305e-11 1.133289903697401978e-02
1.067405104634082877e-11 1.547090133818069917e-02
1.080747668442015820e-11 1.444236830909653539e-02
1.094090232249939069e-11 1.175198696627477099e-02
1.107432796057862480e-11 2.199652643487007633e-02
1.120775359865795422e-11 2.267727993502475017e-02
1.134117923673718994e-11 2.199803720606435462e-02
1.147460487481642243e-11 1.967114741259282096e-02
1.160803051289565816e-11 1.822926738474628730e-02
1.174145615097498597e-11 1.362806263536509022e-02
1.187488178905422169e-11 1.855015518641707148e-02
1.200830742713345418e-11 1.816702361154082235e-02
1.214173306521268990e-11 2.017091052366955239e-02
