0.000000000000000000e+00 1.774007967202969813e-02
1.334256380792342831e-13 1.587711749690593963e-02
2.668512761584685661e-13 1.290343633972771201e-02
4.002769142377976387e-13 1.497573097153465614e-02
5.337025523170319471e-13 1.420028233292080014e-02
6.671281903962661544e-13 1.184154548267327307e-02
8.005538284755004627e-13 1.491940942141088688e-02
9.339794665548295858e-13 9.221747370049500347e-03
1.067405104634063894e-12 1.933907990408415684e-02
1.200830742713298000e-12 1.399892674814358709e-02
1.334256380792627225e-12 1.496630375928217037e-02
1.467682018871861533e-12 2.042393448329208119e-02
1.601107656951095639e-12 1.814738358601484386e-02
1.734533295030330149e-12 1.589983949566831783e-02
1.867958933109659172e-12 1.310116607363861520e-02
2.001384571188893278e-12 1.133368463799504233e-02
2.134810209268127788e-12 1.848265392945544483e-02
2.268235847347456810e-12 1.348623143564355552e-02
2.401661485426690917e-12 1.803619082611387231e-02
2.535087123505925427e-12 1.196071511448021721e-02
2.668512761585159937e-12 9.951026840965342471e-03
2.801938399664488555e-12 4.572197942450484040e-03
2.935364037743723066e-12 1.397233717512375538e-02
3.068789675822957172e-12 2.120494275990098682e-02
3.202215313902286194e-12 1.908865447091584455e-02
3.335640951981520704e-12 1.559333423576733137e-02
3.469066590060754811e-12 1.363005685334157079e-02
3.602492228139989321e-12 9.658783261138614851e-03
3.735917866219318343e-12 1.342894299195544414e-02
3.869343504298552450e-12 1.589524675123762595e-02
4.002769142377786556e-12 2.000817025061881610e-02
4.136194780457020662e-12 1.557085396039602568e-02
4.269620418536350088e-12 9.682230430074273073e-03
4.403046056615585002e-12 1.627886177289604094e-02
4.536471694694819109e-12 2.043747099319306870e-02
4.669897332774147727e-12 1.736565013923267037e-02
4.803322970853381833e-12 1.535886254641088446e-02
4.936748608932615940e-12 1.651550897277227065e-02
5.070174247011850854e-12 1.121113087871287127e-02
5.203599885091179472e-12 1.224981629022276960e-02
5.337025523170414386e-12 1.750681659962871270e-02
5.470451161249647685e-12 1.980850672957919917e-02
5.603876799328977111e-12 2.010606822400989868e-02
5.737302437408211217e-12 2.608171217512377307e-02
5.870728075487446131e-12 2.004853805693068702e-02
6.004153713566680238e-12 2.820259320853960028e-02
6.137579351646009664e-12 3.277092357673265510e-02
6.271004989725242962e-12 3.228360922029705621e-02
6.404430627804477877e-12 4.414594291460395559e-02
6.537856265883807303e-12 4.772949218750002082e-02
6.671281903963041409e-12 5.657366762066832339e-02
6.804707542042274707e-12 6.097931814665839834e-02
6.938133180121509622e-12 7.239808941831683831e-02
7.071558818200839048e-12 7.660190091274754476e-02
7.204984456280073154e-12 8.320892636138614573e-02
7.338410094359307260e-12 8.499163637066833865e-02
7.471835732438541367e-12 9.666977684096533796e-02
7.605261370517870793e-12 1.126955542233911006e-01
7.738687008597104899e-12 1.282291827815594254e-01
7.872112646676339006e-12 1.411239170792079334e-01
8.005538284755668432e-12 1.577484433013613963e-01
8.138963922834902538e-12 2.174241471998762665e-01
8.272389560914138260e-12 2.282477954826733213e-01
8.405815198993370751e-12 2.492699953589108952e-01
8.539240837072700177e-12 2.636902459777227259e-01
8.672666475151934283e-12 2.947415493502476003e-01
8.806092113231170005e-12 2.735257290377475781e-01
8.939517751310497815e-12 2.795584197091584566e-01
9.072943389389731922e-12 3.028757831837871062e-01
9.206369027468966028e-12 2.743159228032178154e-01
9.339794665548200134e-12 2.581733930228961027e-01
9.473220303627529560e-12 2.765716854888614629e-01
9.606645941706763667e-12 2.488196646813118362e-01
9.740071579785999389e-12 1.822587117110148758e-01
9.873497217865328815e-12 1.769279857673266565e-01
1.000692285594456131e-11 1.330039449257425788e-01
1.014034849402379541e-11 1.125265895730198223e-01
1.027377413210303113e-11 1.059277827196782179e-01
1.040719977018235894e-11 8.470398553527228036e-02
1.054062540826159305e-11 9.225373220915843164e-02
1.067405104634082877e-11 8.871151763613863150e-02
1.080747668442006288e-11 9.365814511138612075e-02
1.094090232249939069e-11 9.619237314356433866e-02
1.107432796057862480e-11 1.133264522741336960e-01
1.120775359865786052e-11 9.240988551980200416e-02
1.134117923673718994e-11 8.440811610457917002e-02
1.147460487481642243e-11 7.786466390779704649e-02
1.160803051289565816e-11 7.407516630569303817e-02
1.174145615097489226e-11 5.236816406250000000e-02
1.187488178905422169e-11 4.876672725866335045e-02
1.200830742713345418e-11 3.701631149443068702e-02
1.214173306521268990e-11 3.718044167698020264e-02
1.227515870329201933e-11 3.405834235767326440e-02
1.240858434137125182e-11 3.623022702660891325e-02
1.254200997945048592e-11 2.900245590965345316e-02
1.267543561752972165e-11 3.220988358601484941e-02
1.280886125560905107e-11 4.092425355816831783e-02
1.294228689368828356e-11 3.625101523824258293e-02
1.307571253176751929e-11 3.409170018564357252e-02
1.320913816984684710e-11 4.036780631188117974e-02
1.334256380792608282e-11 3.293408686571781818e-02
1.347598944600531692e-11 3.021832456683170090e-02
1.360941508408454941e-11 4.130351755878713949e-02
1.374284072216388046e-11 4.191241878094058987e-02
1.387626636024311456e-11 4.337653736076730465e-02
1.400969199832234705e-11 5.006961633663368355e-02
1.414311763640158278e-11 3.537090037128713671e-02
1.427654327448091059e-11 2.875952390160889036e-02
1.440996891256014631e-11 2.400482479888613185e-02
1.454339455063938041e-11 2.255037515470297363e-02
1.467682018871870822e-11 2.287742690284650868e-02
1.481024582679794233e-11 2.048122292698020125e-02
1.494367146487717967e-11 2.523543858292080083e-02
1.507709710295641054e-11 1.821893370977722623e-02
1.521052274103574159e-11 1.104893448329207113e-02
1.534394837911497569e-11 1.943697787747526023e-02
1.547737401719420980e-11 1.417296758972772831e-02
1.561079965527354084e-11 1.281641591893564226e-02
1.574422529335277495e-11 1.518989789603961485e-02
1.587765093143200582e-11 2.241597694925744760e-02
1.601107656951124316e-11 9.313118811881215472e-03
1.614450220759057097e-11 2.570679919554453782e-02
1.627792784566980508e-11 1.759190323329206870e-02
1.641135348374903918e-11 2.030984104269803123e-02
1.654477912182836699e-11 2.172924079517324358e-02
1.667820475990760433e-11 1.177773050742574219e-02
1.681163039798683844e-11 1.433468053836634525e-02
1.694505603606606931e-11 1.322009398205445906e-02
1.707848167414540035e-11 1.003176245358909993e-02
1.721190731222463446e-11 1.322444500309405760e-02
1.734533295030386857e-11 1.403711904393565787e-02
