0.000000000000000000e+00 2.121515557317451423e-02
1.334256380792816652e-13 2.661042166228343164e-02
2.668512761585159735e-13 1.796820612237005205e-02
4.002769142377976387e-13 3.074026579904083276e-02
5.337025523170319471e-13 3.564573986695547536e-02
6.671281903963136123e-13 2.828556476253097501e-02
8.005538284755478196e-13 2.673702428836631506e-02
9.339794665548295858e-13 2.082779383895421582e-02
1.067405104634063894e-12 1.693181708307549965e-02
1.200830742713345458e-12 2.465971389619429910e-02
1.334256380792627225e-12 2.094079952428837960e-02
1.467682018871861533e-12 3.084511331992575295e-02
1.601107656951143097e-12 5.853090191831679390e-02
1.734533295030377405e-12 8.148918529548265788e-02
1.867958933109659172e-12 9.398175230120668633e-02
2.001384571188893278e-12 1.087262748491645836e-01
2.134810209268175044e-12 1.328004138304455517e-01
2.268235847347456810e-12 1.622187548344677932e-01
2.401661485426690917e-12 1.894788081103032373e-01
2.535087123505972683e-12 1.937162191560953262e-01
2.668512761585207193e-12 2.351303855971535184e-01
2.801938399664488555e-12 2.003503176245359230e-01
2.935364037743723066e-12 1.810704599512684976e-01
3.068789675823004832e-12 1.616349928449876128e-01
3.202215313902238938e-12 1.483175447671720437e-01
3.335640951981520704e-12 1.686198923847462838e-01
3.469066590060802067e-12 2.209741573522585878e-01
3.602492228140036577e-12 2.712783058090965649e-01
3.735917866219318343e-12 3.913725295869430187e-01
3.869343504298552450e-12 5.370522678488550694e-01
4.002769142377834216e-12 6.501830450379022519e-01
4.136194780457069130e-12 7.204009707611387370e-01
4.269620418536350088e-12 7.470370755337250035e-01
4.403046056615585002e-12 8.608008658531868251e-01
4.536471694694865961e-12 9.295648253790224080e-01
4.669897332774147727e-12 9.340521179803528140e-01
4.803322970853381833e-12 8.150287288250309681e-01
4.936748608932664407e-12 7.083725126663058536e-01
5.070174247011897706e-12 6.478120407255567592e-01
5.203599885091179472e-12 6.583572236618193685e-01
5.337025523170414386e-12 4.820686566947711138e-01
5.470451161249695345e-12 5.415752146503712838e-01
5.603876799328977111e-12 5.862608050355815337e-01
5.737302437408211217e-12 5.681723415261447085e-01
5.870728075487492983e-12 5.150862589921104684e-01
6.004153713566727090e-12 4.954317300626547294e-01
6.137579351646009664e-12 4.353220722462868841e-01
6.271004989725242962e-12 4.716772702660892436e-01
6.404430627804525536e-12 4.216752760481126683e-01
6.537856265883759643e-12 3.721153334815902047e-01
6.671281903963041409e-12 3.699555349822090111e-01
6.804707542042322367e-12 3.700803246828588411e-01
6.938133180121557281e-12 3.602708873182240423e-01
7.071558818200839048e-12 3.605772717164293928e-01
7.204984456280073154e-12 3.241377726639851908e-01
7.338410094359354112e-12 3.266942996789913289e-01
7.471835732438589834e-12 2.778607359026918355e-01
7.605261370517870793e-12 2.956132038985148092e-01
7.738687008597104899e-12 2.362849169438428487e-01
7.872112646676387473e-12 2.379960163985148092e-01
8.005538284755668432e-12 2.111233248568997745e-01
8.138963922834902538e-12 2.132199731203588966e-01
8.272389560914183496e-12 1.993278276802289972e-01
8.405815198993419218e-12 1.697801646619740146e-01
8.539240837072700177e-12 1.380660557510829389e-01
8.672666475151934283e-12 1.334721027034344032e-01
8.806092113231215241e-12 1.254985544941212838e-01
8.939517751310497815e-12 1.603230391398514920e-01
9.072943389389731922e-12 1.878417364441521964e-01
9.206369027469012880e-12 2.166050070583230847e-01
9.339794665548248602e-12 1.786372118657178210e-01
9.473220303627529560e-12 1.538759741452661034e-01
9.606645941706763667e-12 1.321610554610148647e-01
9.740071579786044625e-12 8.243764745126859472e-02
9.873497217865280347e-12 6.176636950804458015e-02
1.000692285594456131e-11 3.435554126701734212e-02
1.014034849402384388e-11 2.732229704904083969e-02
1.027377413210307799e-11 2.816349445003094379e-02
1.040719977018235894e-11 1.316002571936880292e-02
1.054062540826159305e-11 2.386414178527228661e-02
1.067405104634087401e-11 1.470705542233910652e-02
1.080747668442010973e-11 1.091653049582301874e-02
1.094090232249939069e-11 1.047810469523514226e-02
1.107432796057862480e-11 1.856798228650991325e-02
1.120775359865790737e-11 1.747327747911508675e-02
1.134117923673718994e-11 1.915688089805075295e-02
1.147460487481642243e-11 2.213310015083538862e-02
1.160803051289570501e-11 1.553495803681932165e-02
1.174145615097493911e-11 1.810477983833539209e-02
1.187488178905422169e-11 1.905958723313738029e-02
1.200830742713345418e-11 1.627372515083539209e-02
1.214173306521273675e-11 1.998992013459159264e-02
1.227515870329201933e-11 1.488653504022276891e-02
1.240858434137125182e-11 1.782921517249382720e-02
