0.000000000000000000e+00 1.975822826423265927e-02
6.671281903956973415e-14 1.514131149443071790e-02
1.334256380792342831e-13 1.315676245358910271e-02
2.001384571188988194e-13 2.368478302908415614e-02
2.668512761584685661e-13 1.041851987933168841e-02
3.335640951981330772e-13 1.508523166769802984e-02
4.002769142377028240e-13 6.085869817450502081e-03
4.669897332773673350e-13 5.971051206683172102e-03
5.337025523170319471e-13 2.007875348081684594e-02
6.004153713566016433e-13 1.005182549504950000e-02
6.671281903962661544e-13 1.399360883353959958e-02
7.338410094359307664e-13 1.297305267636138584e-02
8.005538284755004627e-13 2.016408183787130048e-02
8.672666475151650747e-13 1.322275293935643026e-02
9.339794665548295858e-13 1.540672377784651180e-02
1.000692285594399181e-12 8.856261602722771686e-03
1.067405104634063894e-12 1.350871171101487335e-02
1.134117923673633489e-12 1.476543162128712838e-02
1.200830742713298000e-12 1.967410852413365580e-02
1.267543561752962713e-12 5.020836556311885322e-03
1.334256380792532309e-12 1.385582650061879806e-02
1.400969199832196820e-12 1.447923112623763012e-02
1.467682018871861533e-12 1.174654818997527411e-02
1.534394837911431128e-12 1.689332263304455656e-02
1.601107656951095639e-12 8.840791305693070437e-03
1.667820475990760352e-12 1.385776028774752741e-02
1.734533295030330149e-12 8.243734529702973282e-03
1.801246114069994661e-12 7.765363938737629250e-03
1.867958933109659172e-12 1.249661587252475815e-02
1.934671752149228565e-12 2.175317141089108328e-02
2.001384571188893278e-12 9.002020807549498960e-03
2.068097390228463075e-12 1.872365215037128522e-02
2.134810209268127788e-12 6.876788753094056732e-03
2.201523028307792501e-12 1.314467628403465614e-02
2.268235847347361895e-12 1.098221882735148612e-02
2.334948666387026204e-12 1.548117458230197085e-02
2.401661485426690917e-12 2.451824528155941915e-02
2.468374304466260714e-12 2.221897238551980361e-02
2.535087123505925427e-12 2.665870590965345802e-02
2.601799942545589736e-12 2.395865563118813185e-02
2.668512761585159937e-12 1.725832495358911589e-02
2.735225580624823842e-12 2.200553063118811797e-02
2.801938399664393640e-12 3.341922571163366551e-02
2.868651218704058353e-12 2.331784692141088827e-02
2.935364037743723066e-12 2.954705870977725191e-02
3.002076856783292863e-12 2.086411277846534837e-02
3.068789675822957172e-12 3.009069461633661485e-02
3.135502494862621481e-12 3.811059328589109368e-02
3.202215313902191278e-12 3.301119662747526579e-02
3.268928132941855991e-12 4.760887221534652880e-02
3.335640951981520704e-12 4.615007155012378071e-02
3.402353771021090502e-12 5.892104347153465094e-02
3.469066590060754811e-12 7.894710125309407911e-02
3.535779409100419524e-12 9.003060218131189729e-02
3.602492228139989321e-12 1.067975034808168466e-01
3.669205047179653630e-12 1.381761003248762332e-01
3.735917866219223024e-12 1.501215868657178043e-01
3.802630685258887737e-12 1.675795753403465371e-01
3.869343504298552450e-12 1.962835028620050215e-01
3.936056323338121843e-12 2.425786084467821679e-01
4.002769142377786556e-12 2.531022780012375795e-01
4.069481961417451269e-12 2.823819906404702595e-01
4.136194780457020662e-12 3.198012550278465649e-01
4.202907599496685375e-12 3.542594078743812602e-01
4.269620418536350088e-12 4.061404993038364997e-01
4.336333237575920289e-12 4.535642114016090187e-01
4.403046056615585002e-12 4.489332746751236725e-01
4.469758875655154396e-12 5.096715946008664178e-01
4.536471694694819109e-12 5.388200514387375684e-01
4.603184513734483014e-12 4.996746403155941652e-01
4.669897332774052407e-12 5.736772896039601388e-01
4.736610151813717120e-12 5.826096940748761721e-01
4.803322970853381833e-12 5.738322342976486246e-01
4.870035789892952035e-12 6.022738919399750479e-01
4.936748608932615940e-12 6.422522818688117807e-01
5.003461427972280653e-12 5.711981745049505843e-01
5.070174247011850854e-12 6.226330445544555614e-01
5.136887066051515567e-12 6.427806892017324802e-01
5.203599885091179472e-12 6.081414855352724746e-01
5.270312704130749673e-12 6.074027788521038085e-01
5.337025523170414386e-12 6.864086188892326579e-01
5.403738342209982972e-12 6.488162805538367772e-01
5.470451161249647685e-12 7.426581354424504067e-01
5.537163980289312398e-12 7.376346399288365996e-01
5.603876799328882599e-12 8.284445583230197752e-01
5.670589618368547312e-12 9.189796372215346398e-01
5.737302437408211217e-12 8.464150003867573213e-01
5.804015256447781418e-12 9.100462658570546148e-01
5.870728075487446131e-12 8.987867903001237613e-01
5.937440894527110844e-12 8.756521697091583789e-01
6.004153713566680238e-12 8.957381748917079278e-01
6.070866532606344951e-12 1.013466410117574323e+00
6.137579351645914344e-12 9.702104927289605385e-01
6.204292170685579057e-12 1.010423596070544772e+00
6.271004989725242962e-12 9.871250870204205663e-01
6.337717808764813164e-12 9.744902053681931964e-01
6.404430627804477877e-12 9.342867709622524330e-01
6.471143446844141782e-12 9.922621925278463095e-01
6.537856265883711983e-12 9.781844639542081055e-01
6.604569084923377504e-12 1.057134707611385949e+00
6.671281903963041409e-12 9.575792369275987204e-01
6.737994723002610802e-12 8.991109413675740791e-01
6.804707542042274707e-12 9.185870784344061235e-01
6.871420361081940228e-12 8.787757193688117141e-01
6.938133180121509622e-12 9.282509378867574990e-01
7.004845999161173527e-12 8.170581779857674087e-01
7.071558818200743728e-12 8.894202506188119139e-01
7.138271637240409249e-12 8.490229540532177044e-01
7.204984456280073154e-12 8.551535426980201304e-01
7.271697275319642547e-12 8.056979037747525885e-01
7.338410094359307260e-12 8.304849454672028619e-01
7.405122913398971166e-12 8.662766862623761943e-01
7.471835732438541367e-12 8.901316425587870729e-01
7.538548551478205272e-12 7.940013923267328355e-01
7.605261370517870793e-12 9.221075379022277696e-01
7.671974189557440994e-12 9.678321762840346176e-01
7.738687008597104899e-12 9.374006516862625205e-01
7.805399827636673485e-12 8.671580097462869841e-01
7.872112646676339006e-12 8.969330136138614629e-01
7.938825465716002911e-12 8.896740601794551617e-01
8.005538284755573112e-12 7.878364789603959917e-01
8.072251103795238633e-12 7.768929358756186954e-01
8.138963922834902538e-12 7.591920153929456738e-01
8.205676741874472739e-12 7.450350015470298404e-01
8.272389560914138260e-12 6.632237198329208328e-01
8.339102379953802165e-12 6.383107402537129271e-01
8.405815198993370751e-12 5.988941154857672089e-01
8.472528018033034656e-12 6.578069403620051547e-01
8.539240837072700177e-12 6.244708674969061679e-01
8.605953656112270378e-12 5.754776454207920500e-01
8.672666475151934283e-12 6.531762453589108341e-01
8.739379294191504484e-12 6.962138865253710840e-01
8.806092113231170005e-12 6.676767481435643692e-01
8.872804932270832295e-12 7.152921468904704927e-01
8.939517751310402496e-12 7.395635925897277030e-01
9.006230570350068017e-12 8.904673963490099542e-01
9.072943389389731922e-12 9.043696337407176600e-01
9.139656208429302123e-12 1.102270991259282074e+00
9.206369027468966028e-12 1.023608640160891259e+00
9.273081846508631549e-12 1.050475953357054681e+00
9.339794665548200134e-12 1.055983862546410634e+00
9.406507484587864040e-12 9.914836014851484691e-01
9.473220303627434241e-12 9.448853747679457626e-01
9.539933122667099762e-12 8.566331315748758612e-01
9.606645941706763667e-12 7.593375328743812158e-01
9.673358760746333868e-12 6.711988996751239167e-01
9.740071579785999389e-12 6.946470355043314893e-01
9.806784398825663294e-12 5.264807974938117141e-01
9.873497217865231880e-12 5.223543374845297516e-01
9.940210036904897400e-12 3.499124961324257543e-01
1.000692285594456131e-11 2.693035465655940763e-01
1.007363567498413151e-11 2.050126179610148591e-01
1.014034849402379541e-11 1.756567624535891048e-01
1.020706131306346093e-11 1.223178372524752755e-01
1.027377413210303113e-11 9.084279277537128661e-02
1.034048695114269504e-11 6.983002011138614296e-02
1.040719977018226362e-11 5.154557936262375850e-02
1.047391258922192915e-11 3.840138652537128383e-02
1.054062540826159305e-11 2.685716081373763428e-02
1.060733822730116325e-11 2.725068649443069743e-02
1.067405104634082877e-11 2.553420869430692713e-02
1.074076386538049268e-11 2.326708500928216863e-02
1.080747668442006288e-11 2.268598197710395420e-02
1.087418950345972678e-11 2.198595103650991672e-02
1.094090232249939069e-11 2.575369353341584386e-02
1.100761514153896089e-11 1.411302018873763012e-02
1.107432796057862480e-11 1.186571782178218529e-02
1.114104077961819500e-11 1.526700765779704337e-02
1.120775359865786052e-11 1.145285426980198820e-02
1.127446641769752442e-11 2.088441754331684524e-02
1.134117923673709462e-11 1.164478264232672762e-02
1.140789205577675853e-11 1.210163985148515753e-02
1.147460487481642243e-11 1.537094871596535704e-02
1.154131769385599264e-11 1.420366646039604441e-02
1.160803051289565816e-11 1.513188428217821478e-02
1.167474333193532206e-11 1.324402459777227273e-02
1.174145615097489226e-11 9.945467202970301526e-03
1.180816897001455617e-11 1.926197014232674393e-02
1.187488178905422169e-11 1.459719214108909889e-02
1.194159460809379027e-11 1.230928024443070194e-02
1.200830742713345418e-11 1.937050394492574254e-02
1.207502024617302438e-11 1.434265741027227273e-02
