0.000000000000000000e+00 1.999741355971535600e-02
6.671281903966454892e-14 1.204495571627474046e-02
1.334256380792342831e-13 1.331605816831683484e-02
2.001384571188988194e-13 1.176576519956682755e-02
2.668512761585633304e-13 1.067933941831683380e-02
3.335640951981330772e-13 8.206509127475242887e-03
4.002769142377976387e-13 1.054506207456682755e-02
4.669897332773673350e-13 1.088673808787127793e-02
5.337025523170319471e-13 1.661812055228958224e-02
6.004153713566964581e-13 1.205933825804455725e-02
6.671281903962661544e-13 2.768095413056929563e-02
7.338410094359307664e-13 2.748793800278465788e-02
8.005538284755952775e-13 3.455339186262376683e-02
8.672666475151650747e-13 6.789333230198019153e-02
9.339794665548295858e-13 1.135846128558168494e-01
1.000692285594494097e-12 1.496035736386138459e-01
1.067405104634063894e-12 2.122436523437500333e-01
1.134117923673728405e-12 2.699431466584158446e-01
1.200830742713392916e-12 4.091500763845916100e-01
1.267543561752962713e-12 3.984881410504332311e-01
1.334256380792627225e-12 4.053837842280322290e-01
1.400969199832196820e-12 4.231176999535889993e-01
1.467682018871861533e-12 4.090104811262376683e-01
1.534394837911526044e-12 3.578842918471534240e-01
1.601107656951095639e-12 3.235627127165841554e-01
1.667820475990760352e-12 2.221210744121287495e-01
1.734533295030424863e-12 2.038879998839728258e-01
1.801246114069994661e-12 1.876605043316831589e-01
1.867958933109659172e-12 1.056646668084777058e-01
1.934671752149323481e-12 7.172307684870046773e-02
2.001384571188893278e-12 4.347914894028465788e-02
2.068097390228557991e-12 2.701162206064355864e-02
2.134810209268127788e-12 2.386015334931930812e-02
2.201523028307792501e-12 1.212194461633663359e-02
2.268235847347456810e-12 1.364323077815593997e-02
2.334948666387026204e-12 1.198440400680692193e-02
2.401661485426690917e-12 1.311929532797030673e-02
2.468374304466355630e-12 1.103249729269801908e-02
2.535087123505925427e-12 1.168079942759899827e-02
2.601799942545589736e-12 1.059957069925742887e-02
2.668512761585254449e-12 1.057914507271040180e-02
2.735225580624823842e-12 1.267960047957921235e-02
