0.000000000000000000e+00 1.271313960009282963e-02
1.334256380792342831e-13 1.353638903929454615e-02
2.668512761585633304e-13 1.050547986927599306e-02
4.002769142377976387e-13 1.246488967744430534e-02
5.337025523170319471e-13 1.073989112778465232e-02
6.671281903962661544e-13 1.154791199334776960e-02
8.005538284755952775e-13 1.274178382193687578e-02
9.339794665548295858e-13 9.239514039294557946e-03
1.067405104634063894e-12 7.735571530785893650e-03
1.200830742713392916e-12 1.026242699953589313e-02
1.334256380792627225e-12 1.046807317450494310e-02
1.467682018871861533e-12 1.082866404316213185e-02
1.601107656951095639e-12 1.123071047339109160e-02
1.734533295030424863e-12 1.108797281095297294e-02
1.867958933109659172e-12 1.064664632967202498e-02
2.001384571188893278e-12 1.537529973700495212e-02
2.134810209268127788e-12 1.132667465965345524e-02
2.268235847347456810e-12 1.233006845606435600e-02
2.401661485426690917e-12 1.304460280012376475e-02
2.535087123505925427e-12 1.391124158802598855e-02
2.668512761585254449e-12 1.367096853728341256e-02
2.801938399664488555e-12 1.260502881342821270e-02
2.935364037743723066e-12 1.145261254641089139e-02
3.068789675822957172e-12 1.281369653078589209e-02
3.202215313902286194e-12 1.390235825340346495e-02
3.335640951981520704e-12 1.339008595683787231e-02
3.469066590060754811e-12 1.264908290145420368e-02
3.602492228140084237e-12 1.121880559637995420e-02
3.735917866219318343e-12 1.001061165686881194e-02
3.869343504298552450e-12 1.105388981280941603e-02
4.002769142377786556e-12 8.621366897431918808e-03
4.136194780457115982e-12 1.364601059715346565e-02
4.269620418536350088e-12 1.253335782797029493e-02
4.403046056615585002e-12 1.504232576577970402e-02
4.536471694694913621e-12 1.020054581141706905e-02
4.669897332774147727e-12 1.276178643254950382e-02
4.803322970853381833e-12 1.240276676593441395e-02
4.936748608932615940e-12 1.418136747756806870e-02
5.070174247011945366e-12 1.286457930461014018e-02
5.203599885091179472e-12 1.263790319461633761e-02
5.337025523170414386e-12 1.479347153465346287e-02
5.470451161249647685e-12 1.308980507425742089e-02
5.603876799328977111e-12 1.554353921720296773e-02
5.737302437408211217e-12 1.605001015238243303e-02
5.870728075487446131e-12 1.722152256729578973e-02
6.004153713566774750e-12 1.834898089418316586e-02
6.137579351646009664e-12 1.821470355043317696e-02
6.271004989725242962e-12 1.807710251005569327e-02
6.404430627804477877e-12 1.883841033029083969e-02
6.537856265883807303e-12 2.351436803836632478e-02
6.671281903963041409e-12 2.747494537051361346e-02
6.804707542042274707e-12 4.127880134204826162e-02
6.938133180121604134e-12 6.735368483137374462e-02
7.071558818200839048e-12 7.797863648669553505e-02
7.204984456280073154e-12 1.108751353650990062e-01
7.338410094359307260e-12 1.617951345915841499e-01
7.471835732438636686e-12 2.076820902305074323e-01
7.605261370517870793e-12 2.201634170985458105e-01
7.738687008597104899e-12 2.724026217318997189e-01
7.872112646676434325e-12 2.921215699450804282e-01
8.005538284755668432e-12 3.113120503944926121e-01
8.138963922834902538e-12 3.161234336324256766e-01
8.272389560914138260e-12 3.410058956335085822e-01
8.405815198993466070e-12 3.960501793587561936e-01
8.539240837072700177e-12 3.864594412322091554e-01
8.672666475151934283e-12 4.410075272663984691e-01
8.806092113231170005e-12 4.804361173422028730e-01
8.939517751310497815e-12 5.131014077970297294e-01
9.072943389389731922e-12 5.692008745552290527e-01
9.206369027468966028e-12 6.114616771735768008e-01
9.339794665548295454e-12 6.875109379834468681e-01
9.473220303627529560e-12 7.508017360573947530e-01
9.606645941706763667e-12 7.471385389271348876e-01
9.740071579785999389e-12 7.660696501779085121e-01
9.873497217865328815e-12 7.686943431892017120e-01
1.000692285594456131e-11 7.493535712213799105e-01
1.014034849402379541e-11 6.954534851678526586e-01
1.027377413210312484e-11 7.019997776144800694e-01
1.040719977018235894e-11 6.778995325069614442e-01
1.054062540826159305e-11 6.804805340153154969e-01
1.067405104634082877e-11 6.827249357015778841e-01
1.080747668442015820e-11 6.584907154045482880e-01
1.094090232249939069e-11 7.277240413250309903e-01
1.107432796057862480e-11 7.632866283454518008e-01
1.120775359865795422e-11 7.992643752900681076e-01
1.134117923673718994e-11 7.861486453821162623e-01
1.147460487481642243e-11 7.463462300819925233e-01
1.160803051289565816e-11 7.182076935720915767e-01
1.174145615097498597e-11 6.612185034421411700e-01
1.187488178905422169e-11 6.463799504950495933e-01
1.200830742713345418e-11 6.338655679532797516e-01
1.214173306521268990e-11 6.285388908763922533e-01
1.227515870329201933e-11 7.421048306002475670e-01
1.240858434137125182e-11 7.754552860071163289e-01
1.254200997945048592e-11 9.786042770536818036e-01
1.267543561752981535e-11 1.113450154219523647e+00
1.280886125560905107e-11 1.195798182723545988e+00
1.294228689368828356e-11 1.150180748665686759e+00
1.307571253176751929e-11 1.072689124381188019e+00
1.320913816984684710e-11 7.427040024559097287e-01
1.334256380792608282e-11 6.933232373530321402e-01
1.347598944600531692e-11 4.374872490911200229e-01
1.360941508408464473e-11 2.532962610225867328e-01
1.374284072216388046e-11 1.619387787167388404e-01
1.387626636024311456e-11 9.501989383508661902e-02
1.400969199832234705e-11 5.169079468982053921e-02
1.414311763640167810e-11 2.505124535891089035e-02
1.427654327448091059e-11 2.090067344136757599e-02
1.440996891256014631e-11 2.061169312732054684e-02
1.454339455063947573e-11 1.755074982595915961e-02
1.467682018871870822e-11 1.685392172029702776e-02
1.481024582679794233e-11 1.601876740408416516e-02
1.494367146487717967e-11 1.396351427134901249e-02
1.507709710295650748e-11 1.222860506265469917e-02
1.521052274103574159e-11 1.011594262453589625e-02
1.534394837911497569e-11 1.116284663134282408e-02
1.547737401719420980e-11 1.043580310179455586e-02
1.561079965527354084e-11 1.160290406482053331e-02
1.574422529335277495e-11 1.229278262298885704e-02
1.587765093143200582e-11 1.151546062809405760e-02
1.601107656951133686e-11 1.183912824876237266e-02
1.614450220759057097e-11 1.270594832920791950e-02
1.627792784566980508e-11 1.404860090501238237e-02
