0.000000000000000000e+00 1.491070737933168286e-02
1.334256380792342831e-13 1.641809444616337127e-02
2.668512761585633304e-13 2.304252397896037335e-02
4.002769142377976387e-13 1.544636641398514434e-02
5.337025523170319471e-13 2.033207959467821582e-02
6.671281903962661544e-13 1.411205329517325503e-02
8.005538284755952775e-13 1.935406675433169049e-02
9.339794665548295858e-13 1.836203395730196669e-02
1.067405104634063894e-12 1.873066212871287231e-02
1.200830742713392916e-12 1.684812035891087439e-02
1.334256380792627225e-12 1.649786316522278834e-02
1.467682018871861533e-12 1.621311301051978765e-02
1.601107656951095639e-12 2.125546294863861485e-02
1.734533295030424863e-12 1.317537515470297051e-02
1.867958933109659172e-12 2.190183129641089937e-02
2.001384571188893278e-12 2.165213103341582374e-02
2.134810209268127788e-12 1.547488977413366031e-02
2.268235847347456810e-12 1.840457727413365857e-02
2.401661485426690917e-12 2.059507464418317002e-02
2.535087123505925427e-12 2.345006961633662804e-02
2.668512761585254449e-12 2.733214727722770715e-02
2.801938399664488555e-12 3.234839108910889799e-02
2.935364037743723066e-12 4.012608292079206107e-02
3.068789675822957172e-12 3.906056621287128799e-02
3.202215313902286194e-12 6.079222424195544067e-02
3.335640951981520704e-12 7.669012995049506731e-02
3.469066590060754811e-12 1.177956760519801999e-01
3.602492228140084237e-12 1.894173499381187897e-01
3.735917866219318343e-12 2.192892848855197696e-01
3.869343504298552450e-12 2.630291325030940652e-01
4.002769142377786556e-12 2.752458326887377016e-01
4.136194780457115982e-12 2.795639793471534906e-01
4.269620418536350088e-12 3.164877107827970271e-01
4.403046056615585002e-12 3.274839495668316891e-01
4.536471694694913621e-12 3.690838200030940874e-01
4.669897332774147727e-12 4.494996325804455073e-01
4.803322970853381833e-12 4.955157893719061013e-01
4.936748608932615940e-12 5.415713470761138737e-01
5.070174247011945366e-12 5.557172416460396391e-01
5.203599885091179472e-12 5.432798480043319334e-01
5.337025523170414386e-12 5.602331180383665066e-01
5.470451161249647685e-12 5.116805577042079500e-01
5.603876799328977111e-12 5.052915667543317335e-01
5.737302437408211217e-12 4.196847443533416322e-01
5.870728075487446131e-12 3.561465423886139292e-01
6.004153713566774750e-12 4.325562732054454851e-01
6.137579351646009664e-12 4.876363319925741679e-01
6.271004989725242962e-12 6.327706818533416211e-01
6.404430627804477877e-12 6.381625638149752699e-01
6.537856265883807303e-12 7.168790609529700486e-01
6.671281903963041409e-12 8.608995494275989424e-01
6.804707542042274707e-12 9.009427212252475448e-01
6.938133180121604134e-12 9.004442875928215795e-01
7.071558818200839048e-12 9.105052985767324580e-01
7.204984456280073154e-12 8.226577003403464650e-01
7.338410094359307260e-12 6.556174098855198640e-01
7.471835732438636686e-12 5.019712542543316447e-01
7.605261370517870793e-12 3.307740466429455739e-01
7.738687008597104899e-12 2.552427386293316114e-01
7.872112646676434325e-12 1.682368212407178432e-01
8.005538284755668432e-12 1.175805422339109008e-01
8.138963922834902538e-12 1.260623743038366551e-01
8.272389560914138260e-12 1.049171372215346593e-01
8.405815198993466070e-12 8.188597424195544205e-02
8.539240837072700177e-12 7.808221495977721305e-02
8.672666475151934283e-12 5.970350208849005413e-02
8.806092113231170005e-12 3.837769763304453574e-02
8.939517751310497815e-12 4.048528387995049826e-02
9.072943389389731922e-12 4.015726523824255517e-02
9.206369027468966028e-12 3.523021735767326024e-02
9.339794665548295454e-12 2.315420018564357668e-02
9.473220303627529560e-12 2.400748375618812908e-02
9.606645941706763667e-12 2.491032062190596044e-02
9.740071579785999389e-12 1.737749458539602360e-02
9.873497217865328815e-12 1.781453047648517279e-02
1.000692285594456131e-11 1.437746557858909924e-02
1.014034849402379541e-11 2.170676051980196739e-02
1.027377413210312484e-11 1.316933206992574289e-02
1.040719977018235894e-11 1.928880143873764469e-02
1.054062540826159305e-11 1.375720335705445628e-02
1.067405104634082877e-11 1.796004795792080500e-02
1.080747668442015820e-11 1.577825262995049757e-02
