6.671281903961714154e-14 3.423361396926338676e-04
1.334256380792342831e-13 5.378306363127194128e-04
2.001384571188514120e-13 -3.398515400476753712e-05
2.668512761585159735e-13 -3.162572224027826234e-04
3.335640951981330772e-13 3.892950204317458191e-04
4.002769142377502314e-13 1.172836508339969528e-03
4.669897332774147929e-13 -6.810176075759954983e-04
5.337025523170319471e-13 2.935470765805803239e-04
6.004153713566490002e-13 1.718215644359588623e-04
6.671281903962661544e-13 -6.104690080974250598e-04
7.338410094359307664e-13 6.224689030204899175e-04
8.005538284755478196e-13 1.058246495085768488e-03
8.672666475151650747e-13 1.262835353827540638e-04
9.339794665548295858e-13 9.700108828837982877e-04
1.000692285594446639e-12 2.485305145091842773e-03
1.067405104634063894e-12 -8.333655372553039125e-04
1.134117923673680947e-12 3.331366729798901534e-03
1.200830742713345458e-12 1.840321737108752088e-03
1.267543561752962713e-12 1.938565382442902817e-03
1.334256380792579969e-12 2.047762888105353427e-03
1.400969199832196820e-12 1.711509563028812322e-03
1.467682018871861533e-12 2.841860364424064582e-03
1.534394837911478586e-12 2.602717814443167473e-03
1.601107656951095639e-12 2.031859211274422879e-03
1.667820475990760352e-12 2.949202230956870976e-03
1.734533295030377405e-12 2.777163137579918839e-03
1.801246114069994661e-12 2.327190130017697811e-03
1.867958933109611512e-12 2.394805999574600892e-03
1.934671752149276225e-12 1.080655127952923024e-03
2.001384571188893278e-12 7.799403423632611304e-04
2.068097390228510331e-12 2.580011166719486850e-03
2.134810209268175044e-12 4.566064265054592744e-03
2.201523028307792501e-12 4.958021541824564338e-03
2.268235847347409554e-12 5.728842219104990710e-03
2.334948666387026204e-12 8.793105953373014927e-03
2.401661485426690917e-12 8.590034634107724526e-03
2.468374304466307970e-12 9.472387109417468656e-03
2.535087123505925427e-12 1.260410245740786229e-02
2.601799942545589736e-12 1.268082628957927296e-02
2.668512761585207193e-12 1.563785686157643726e-02
2.735225580624823842e-12 1.519730666186660563e-02
2.801938399664441300e-12 1.863579493947327068e-02
2.868651218704105609e-12 1.658242498524487019e-02
2.935364037743723066e-12 2.032342632301151891e-02
3.002076856783340119e-12 2.127797235734760900e-02
3.068789675822957172e-12 2.346404544077813556e-02
3.135502494862621481e-12 2.298717689700424671e-02
3.202215313902238938e-12 2.506183302029967377e-02
3.268928132941855991e-12 2.718622805550694604e-02
3.335640951981520704e-12 3.302808217704296390e-02
3.402353771021137354e-12 3.118697516620159288e-02
3.469066590060754811e-12 3.291892865672707558e-02
3.535779409100371864e-12 3.479931727051734786e-02
3.602492228140036577e-12 3.589426921680569788e-02
3.669205047179653630e-12 3.768098093569278995e-02
3.735917866219270683e-12 3.892370499670505524e-02
3.802630685258935396e-12 3.961247792467474660e-02
3.869343504298552450e-12 3.998191626742482463e-02
3.936056323338169503e-12 3.898435384035110751e-02
4.002769142377786556e-12 4.312165789306163927e-02
4.069481961417451269e-12 4.611875377595424375e-02
4.136194780457069130e-12 4.354961048811674396e-02
4.202907599496685375e-12 4.583238940685987334e-02
4.269620418536350088e-12 4.457136746495962004e-02
4.336333237575967141e-12 4.696352314203977585e-02
4.403046056615585002e-12 4.486225731670856476e-02
4.469758875655201248e-12 5.127201359719037871e-02
4.536471694694865961e-12 5.250228438526392122e-02
4.603184513734483014e-12 6.006322801113128662e-02
4.669897332774100067e-12 6.865321099758148193e-02
4.736610151813717120e-12 7.801458071917295733e-02
4.803322970853381833e-12 8.348607234656810205e-02
4.870035789892999694e-12 9.900070875883101862e-02
4.936748608932615940e-12 1.050976648926734980e-01
5.003461427972280653e-12 1.105683155357837649e-01
5.070174247011897706e-12 1.182931739836931284e-01
5.136887066051515567e-12 1.199392873793840436e-01
5.203599885091131812e-12 1.423888377845287379e-01
5.270312704130796525e-12 1.510509505867957958e-01
5.337025523170414386e-12 1.535519789904356003e-01
5.403738342210031440e-12 1.664175827056169621e-01
5.470451161249695345e-12 1.517457611858844813e-01
5.537163980289312398e-12 1.605298433452844731e-01
5.603876799328930259e-12 1.504998337477445602e-01
5.670589618368547312e-12 1.647295892238616888e-01
5.737302437408211217e-12 1.639828883111476843e-01
5.804015256447829078e-12 1.575385279953479822e-01
5.870728075487446131e-12 1.430829361081123463e-01
5.937440894527110844e-12 1.303035002201795578e-01
6.004153713566727090e-12 1.378557220101356562e-01
6.070866532606344951e-12 1.227080974727869089e-01
6.137579351645962004e-12 1.215555824339389773e-01
6.204292170685625909e-12 1.208415329456329346e-01
6.271004989725242962e-12 1.059117570519447354e-01
6.337717808764860823e-12 1.127774279564619092e-01
6.404430627804477877e-12 1.013136565685272272e-01
6.471143446844141782e-12 1.027925543487071963e-01
6.537856265883759643e-12 9.086496196687221527e-02
6.604569084923377504e-12 1.017375368624925669e-01
6.671281903963041409e-12 9.584786705672740381e-02
6.737994723002658462e-12 9.542597085237503052e-02
6.804707542042274707e-12 9.855339340865612585e-02
6.871420361081892568e-12 9.369740523397922238e-02
6.938133180121557281e-12 9.011924751102924624e-02
7.004845999161173527e-12 9.494108967483043393e-02
7.071558818200791388e-12 1.022795449942350415e-01
7.138271637240455293e-12 9.522503167390823642e-02
7.204984456280073154e-12 8.907542787492275793e-02
7.271697275319690207e-12 8.822814822196960172e-02
7.338410094359307260e-12 9.066230319440364560e-02
7.405122913398971166e-12 9.127475805580616275e-02
7.471835732438589834e-12 8.401867765933275500e-02
7.538548551478205272e-12 7.891338262706995565e-02
7.605261370517870793e-12 6.982037909328937808e-02
7.671974189557487846e-12 6.980620510876178741e-02
7.738687008597104899e-12 6.566047780215740481e-02
7.805399827636721952e-12 6.732609551399945658e-02
7.872112646676387473e-12 6.157946810126304488e-02
7.938825465716002911e-12 5.736262574791908125e-02
8.005538284755621579e-12 5.021156203001737872e-02
8.072251103795238633e-12 5.375435911118984361e-02
8.138963922834902538e-12 5.550251808017492294e-02
8.205676741874519591e-12 4.982840064913034162e-02
8.272389560914138260e-12 4.700809363275766650e-02
8.339102379953802165e-12 4.511563666164875031e-02
8.405815198993419218e-12 4.061189591884613315e-02
8.472528018033034656e-12 4.105820422992110391e-02
8.539240837072653325e-12 3.766216542571783343e-02
8.605953656112317230e-12 3.492718944326043268e-02
8.672666475151934283e-12 3.204934988170862059e-02
8.739379294191551336e-12 3.492215313017368178e-02
8.806092113231215241e-12 3.098048907704651495e-02
8.872804932270832295e-12 3.013043645769357751e-02
8.939517751310450963e-12 2.787902611307799955e-02
9.006230570350068017e-12 3.102555749937891891e-02
9.072943389389731922e-12 2.699464312754571577e-02
9.139656208429348975e-12 2.807533992454409530e-02
9.206369027468966028e-12 2.439603684470057626e-02
9.273081846508631549e-12 2.608306417241692404e-02
9.339794665548248602e-12 2.568132854066789220e-02
9.406507484587864040e-12 2.282035583630204201e-02
9.473220303627482708e-12 2.139682443812489579e-02
9.539933122667148229e-12 2.152456932235509088e-02
9.606645941706763667e-12 1.702207667985931178e-02
9.673358760746380720e-12 1.620712275616824696e-02
9.740071579785999389e-12 1.375748789869248902e-02
9.806784398825663294e-12 1.519841444678604603e-02
9.873497217865280347e-12 1.365104874130338396e-02
9.940210036904897400e-12 1.376136350445449422e-02
1.000692285594456131e-11 1.540726985549554194e-02
1.007363567498417997e-11 1.776136900298297405e-02
1.014034849402379541e-11 1.833296702243387630e-02
1.020706131306341247e-11 1.715589056257158657e-02
1.027377413210307799e-11 1.970081315375864575e-02
1.034048695114269504e-11 1.825801078230142663e-02
1.040719977018231209e-11 2.239667307585477968e-02
1.047391258922197600e-11 2.295796843245625357e-02
1.054062540826159305e-11 1.998159973882138868e-02
1.060733822730121172e-11 2.053967900574207167e-02
1.067405104634082877e-11 1.552163863088935544e-02
1.074076386538049268e-11 1.487957399804145167e-02
1.080747668442010973e-11 1.244576359167695080e-02
1.087418950345972678e-11 1.297705894103273749e-02
1.094090232249939069e-11 8.711807808140292764e-03
1.100761514153900936e-11 9.196419105865060589e-03
1.107432796057862480e-11 6.628438722691499044e-03
1.114104077961824185e-11 6.027620949316770185e-03
1.120775359865790737e-11 7.339588681497843589e-03
1.127446641769752442e-11 5.107058517751283944e-03
1.134117923673714148e-11 3.914222140156198466e-03
1.140789205577675853e-11 1.740512005471828117e-03
1.147460487481642243e-11 2.322162062409915788e-03
1.154131769385604110e-11 1.785889055463485506e-03
1.160803051289565816e-11 3.375426526099545386e-03
1.167474333193532206e-11 6.834545591118512241e-04
1.173520182418997991e-11 1.048446359345689459e-03
1.179566031644463777e-11 8.467877589282580154e-04
1.185611880869929400e-11 -3.851995803415775516e-04
1.191657730095395185e-11 8.118783502141013525e-04
1.197703579320860970e-11 6.772284978069364754e-05
1.204374861224827361e-11 5.198072949497145601e-04
1.211046143128789066e-11 -1.300409808754920873e-03
1.217717425032750933e-11 -9.281525810365565555e-04
1.224388706936717324e-11 9.628368265111930452e-04
1.231059988840679029e-11 -1.624257524963468357e-03
1.237731270744640734e-11 1.084940391592681408e-03
1.244402552648602440e-11 -3.245488896936876699e-04
1.251073834552568830e-11 5.341356860299129256e-04
1.257745116456530535e-11 1.165026758098974867e-03
1.264416398360492241e-11 4.588880387018434487e-04
1.271087680264454108e-11 -1.130744614056311591e-03
1.277758962168420337e-11 8.591419900767505169e-04
1.284430244072382204e-11 2.799790355493314391e-03
1.291101525976343909e-11 1.653540084953419951e-03
1.297772807880310299e-11 2.806029961539024866e-03
1.304444089784272005e-11 -3.665607973744045012e-04
1.311115371688233872e-11 8.753165486268699603e-04
1.317786653592195415e-11 -1.183790515642613129e-03
1.324457935496161967e-11 1.312567070272052661e-03
1.331129217400123511e-11 -5.476782196637941091e-04
1.337800499304085540e-11 -5.362956988392397328e-04
1.344471781208051769e-11 2.209184913590434094e-03
1.351143063112013635e-11 -1.048195807379670528e-03
1.357814345015975179e-11 3.209706628695130484e-05
1.364485626919936885e-11 -4.427911146194673966e-04
1.371156908823903437e-11 -1.023215945315314370e-03
1.377828190727864980e-11 -1.484219891426619099e-03
1.384499472631826847e-11 1.179325467091985101e-04
1.391170754535793399e-11 -8.340748609043657509e-05
1.397842036439755105e-11 8.651979733258486065e-05
1.404513318343716648e-11 -8.093591677607036585e-05
1.411184600247678515e-11 -3.303127261460758637e-04
1.417855882151644744e-11 -1.596237030753400177e-03
1.424527164055606611e-11 1.020033731765579389e-03
