0.000000000000000000e+00 4.065320461895882698e-02
1.334256380792816652e-13 2.922251029485262164e-02
2.668512761585159735e-13 2.336795586546727699e-02
4.002769142377976387e-13 3.586472582344487486e-02
5.337025523170319471e-13 4.945361050393768526e-02
6.671281903963136123e-13 2.937672782186367959e-02
8.005538284755478196e-13 3.433134939828195314e-02
9.339794665548295858e-13 4.227539402972239208e-02
1.067405104634063894e-12 4.991214634560818542e-02
1.200830742713345458e-12 4.161820388114557956e-02
1.334256380792627225e-12 3.852149823513596749e-02
1.467682018871861533e-12 5.974909831428001222e-02
1.601107656951143097e-12 4.225693277827993061e-02
1.734533295030377405e-12 5.021616691732370269e-02
1.867958933109659172e-12 6.008543048737859105e-02
2.001384571188893278e-12 8.493659986541197970e-02
2.134810209268175044e-12 7.988506748483219233e-02
2.268235847347456810e-12 9.403151805788023676e-02
2.401661485426690917e-12 1.015339744654274873e-01
2.535087123505972683e-12 1.357235608887159550e-01
2.668512761585207193e-12 1.219507269227378676e-01
2.801938399664488555e-12 1.377246549369401107e-01
2.935364037743723066e-12 1.388889430658156177e-01
3.068789675823004832e-12 1.210755631474144389e-01
3.202215313902238938e-12 1.329768463972015868e-01
3.335640951981520704e-12 1.067578693474442453e-01
3.469066590060802067e-12 1.144447898032527472e-01
3.602492228140036577e-12 1.157883506894879233e-01
3.735917866219318343e-12 1.604615761916758365e-01
3.869343504298552450e-12 1.769536161526540086e-01
4.002769142377834216e-12 2.583576626663209863e-01
4.136194780457069130e-12 3.115742440890102993e-01
4.269620418536350088e-12 3.434422449835055624e-01
4.403046056615585002e-12 4.226877360741087553e-01
4.536471694694865961e-12 4.249462309654917780e-01
4.669897332774147727e-12 3.643058255426311343e-01
4.803322970853381833e-12 3.590157649901795089e-01
4.936748608932664407e-12 3.306313044899719666e-01
5.070174247011897706e-12 3.344998817763421006e-01
5.203599885091179472e-12 2.612864582529655921e-01
5.337025523170414386e-12 2.315239076240574734e-01
5.470451161249695345e-12 2.174665850954191071e-01
5.603876799328977111e-12 1.868947666345731617e-01
5.737302437408211217e-12 2.118435563205565142e-01
5.870728075487492983e-12 2.364719620219654372e-01
6.004153713566727090e-12 2.202242957728039463e-01
6.137579351646009664e-12 2.127231467828728795e-01
6.271004989725242962e-12 2.025563291369784635e-01
6.404430627804525536e-12 1.985577563715728022e-01
6.537856265883759643e-12 1.979080098025850498e-01
6.671281903963041409e-12 1.896443977410678383e-01
6.804707542042322367e-12 1.728227978851366309e-01
6.938133180121557281e-12 1.688941524371503911e-01
7.071558818200839048e-12 1.585030318739015232e-01
7.204984456280073154e-12 1.483006346164242317e-01
7.338410094359354112e-12 1.252228535138228960e-01
7.471835732438589834e-12 1.223022828806119983e-01
7.605261370517870793e-12 9.643618079156750234e-02
7.738687008597104899e-12 1.099401156893107523e-01
7.872112646676387473e-12 9.301865288533466003e-02
8.005538284755668432e-12 1.018999567471905038e-01
8.138963922834902538e-12 1.095205913754042915e-01
8.272389560914183496e-12 8.199658414303243048e-02
8.405815198993419218e-12 9.122331762612123640e-02
8.539240837072700177e-12 8.322713744396789681e-02
8.672666475151934283e-12 6.990464520093343792e-02
8.806092113231215241e-12 7.057060187788875838e-02
8.939517751310497815e-12 7.374103479648988491e-02
9.072943389389731922e-12 5.698221933592660660e-02
9.206369027469012880e-12 8.014690121163850489e-02
9.339794665548248602e-12 8.752095946337987153e-02
9.473220303627529560e-12 8.046372098520392091e-02
9.606645941706763667e-12 6.655260567610059297e-02
9.740071579786044625e-12 8.975567446860573118e-02
9.873497217865280347e-12 6.156294180007541167e-02
1.000692285594456131e-11 5.551185878471466550e-02
1.014034849402384388e-11 3.965016717732634810e-02
1.027377413210307799e-11 3.105192729662624787e-02
1.040719977018235894e-11 2.960453168093157839e-02
1.054062540826159305e-11 5.246235258322769907e-02
1.067405104634087401e-11 3.122486224712418476e-02
1.080747668442010973e-11 3.554147130486429162e-02
1.094090232249939069e-11 3.685727347455359376e-02
1.107432796057862480e-11 3.460710877303944943e-02
1.120775359865790737e-11 2.872126791208375399e-02
1.134117923673718994e-11 2.589567602621106746e-02
1.147460487481642243e-11 4.384760135900343803e-02
