0.000000000000000000e+00 1.911935334158413810e-02
1.334256380792342831e-13 1.423847462871286919e-02
2.668512761585633304e-13 1.565158957301979875e-02
4.002769142377976387e-13 2.030065555383662665e-02
5.337025523170319471e-13 1.102742110148515788e-02
6.671281903962661544e-13 2.138454323948021582e-02
8.005538284755952775e-13 1.473835860148514296e-02
9.339794665548295858e-13 1.708380066522277585e-02
1.067405104634063894e-12 2.127987701113861346e-02
1.200830742713392916e-12 1.726001701732672935e-02
1.334256380792627225e-12 1.558608253403464053e-02
1.467682018871861533e-12 1.995523282797029979e-02
1.601107656951095639e-12 1.679373259591584316e-02
1.734533295030424863e-12 1.754259166150991603e-02
1.867958933109659172e-12 1.804054184715344136e-02
2.001384571188893278e-12 1.889358369430694379e-02
2.134810209268127788e-12 1.338688312190594067e-02
2.268235847347456810e-12 2.712136448019801180e-02
2.401661485426690917e-12 2.692556853341584316e-02
2.535087123505925427e-12 2.220930344987623317e-02
2.668512761585254449e-12 2.370508779393565302e-02
2.801938399664488555e-12 2.378872408725247328e-02
2.935364037743723066e-12 2.262506768254952255e-02
3.068789675822957172e-12 3.446975556930691187e-02
3.202215313902286194e-12 2.680543200804457252e-02
3.335640951981520704e-12 3.181224860767327411e-02
3.469066590060754811e-12 4.070694422957921166e-02
3.602492228140084237e-12 4.271373182240101318e-02
3.735917866219318343e-12 5.129612082301978487e-02
3.869343504298552450e-12 4.823735303217820819e-02
4.002769142377786556e-12 5.589345799814358917e-02
4.136194780457115982e-12 4.892578125000000833e-02
4.269620418536350088e-12 6.122370049504949341e-02
4.403046056615585002e-12 7.163255143873763220e-02
4.536471694694913621e-12 7.738194229579208050e-02
4.669897332774147727e-12 6.096723197710396391e-02
4.803322970853381833e-12 5.873830058787130742e-02
4.936748608932615940e-12 6.798639580754949063e-02
5.070174247011945366e-12 6.154325881806930326e-02
5.203599885091179472e-12 5.364156288675743511e-02
5.337025523170414386e-12 7.175800587871287994e-02
5.470451161249647685e-12 7.567610032487620542e-02
5.603876799328977111e-12 7.954585009282177932e-02
5.737302437408211217e-12 8.583162515470296738e-02
5.870728075487446131e-12 9.895575495049502290e-02
6.004153713566774750e-12 1.090977432704208078e-01
6.137579351646009664e-12 1.014624265160890965e-01
6.271004989725242962e-12 9.758010713180689799e-02
6.404430627804477877e-12 1.015170560024751811e-01
6.537856265883807303e-12 1.031409537438118945e-01
6.671281903963041409e-12 1.083218111850247495e-01
6.804707542042274707e-12 1.029437074566832006e-01
6.938133180121604134e-12 1.094963451423267148e-01
7.071558818200839048e-12 1.193753384127475420e-01
7.204984456280073154e-12 1.225948522586633588e-01
7.338410094359307260e-12 1.007964785736386037e-01
7.471835732438636686e-12 1.083544438428218071e-01
7.605261370517870793e-12 1.106399385055693019e-01
7.738687008597104899e-12 1.217130453279702956e-01
7.872112646676434325e-12 1.155986521503712811e-01
8.005538284755668432e-12 1.092128036045791895e-01
8.138963922834902538e-12 7.752117496905938654e-02
8.272389560914138260e-12 1.110694809715346426e-01
8.405815198993466070e-12 1.141490369740099098e-01
8.539240837072700177e-12 1.207297145730198140e-01
8.672666475151934283e-12 1.111009050123762387e-01
8.806092113231170005e-12 1.284692141089109063e-01
8.939517751310497815e-12 1.157722095451732269e-01
9.072943389389731922e-12 1.285487411045792283e-01
9.206369027468966028e-12 1.253193165996287217e-01
9.339794665548295454e-12 2.043681834003712727e-01
9.473220303627529560e-12 1.834501663056931076e-01
9.606645941706763667e-12 1.231416305693069646e-01
9.740071579785999389e-12 1.099447420327969993e-01
9.873497217865328815e-12 1.145582746751237641e-01
1.000692285594456131e-11 1.416102645420792283e-01
1.014034849402379541e-11 9.573092318997526717e-02
1.027377413210312484e-11 1.357197072246287273e-01
1.040719977018235894e-11 9.266804610148511590e-02
1.054062540826159305e-11 1.082050587871287439e-01
1.067405104634082877e-11 1.237333694306930604e-01
1.080747668442015820e-11 1.102640586324257488e-01
1.094090232249939069e-11 9.373839727722775572e-02
1.107432796057862480e-11 9.132696472772275365e-02
1.120775359865795422e-11 9.072072246287125885e-02
1.134117923673718994e-11 5.830899984529704788e-02
1.147460487481642243e-11 5.071912708849009993e-02
1.160803051289565816e-11 3.845214843750000000e-02
1.174145615097498597e-11 5.296787979579208050e-02
1.187488178905422169e-11 4.955522896039603331e-02
1.200830742713345418e-11 4.722598236386137127e-02
1.214173306521268990e-11 4.562529006806929910e-02
1.227515870329201933e-11 4.844813582920794170e-02
1.240858434137125182e-11 4.304513459158418320e-02
1.254200997945048592e-11 3.237401376856435808e-02
1.267543561752981535e-11 3.768008392636138654e-02
1.280886125560905107e-11 4.247079981435643997e-02
1.294228689368828356e-11 3.397494778774753227e-02
1.307571253176751929e-11 2.310102103960395836e-02
1.320913816984684710e-11 1.243062538675741499e-02
1.334256380792608282e-11 2.272731667698020194e-02
1.347598944600531692e-11 2.217231977103958571e-02
1.360941508408464473e-11 1.300761912128712769e-02
1.374284072216388046e-11 1.124569732363860097e-02
1.387626636024311456e-11 1.397547957920793060e-02
1.400969199832234705e-11 1.816261215965345871e-02
1.414311763640167810e-11 1.553507889851485878e-02
1.427654327448091059e-11 1.166605430074257356e-02
1.440996891256014631e-11 1.078352219987623040e-02
1.454339455063947573e-11 1.088359568378712873e-02
1.467682018871870822e-11 1.360926864170791326e-02
1.481024582679794233e-11 2.086918896967820958e-02
1.494367146487717967e-11 1.861995281559405621e-02
1.507709710295650748e-11 9.418993657178213394e-03
1.521052274103574159e-11 1.392665145420791430e-02
1.534394837911497569e-11 1.417441793007425711e-02
1.547737401719420980e-11 1.262400409962869709e-02
