0.000000000000000000e+00 1.355753983601485670e-02
1.334256380792342831e-13 1.831900719368811242e-02
2.668512761585633304e-13 1.319906404702970125e-02
4.002769142377976387e-13 1.641060102103961485e-02
5.337025523170319471e-13 1.452249961324258640e-02
6.671281903963609692e-13 1.142795676051978210e-02
8.005538284755952775e-13 1.598226717202971131e-02
9.339794665548295858e-13 1.096457301980198647e-02
1.067405104634063894e-12 1.985999381188118668e-02
1.200830742713392916e-12 2.050467009591584039e-02
1.334256380792627225e-12 1.997215346534651076e-02
1.467682018871861533e-12 1.376010403774752776e-02
1.601107656951190555e-12 2.068717125618813046e-02
1.734533295030424863e-12 2.000962059096534490e-02
1.867958933109659172e-12 3.462518370977721305e-02
2.001384571188893278e-12 3.572502513923268147e-02
2.134810209268222300e-12 3.800036741955446079e-02
2.268235847347456810e-12 4.130230894183168494e-02
2.401661485426690917e-12 4.069703357054458431e-02
2.535087123506019939e-12 5.180639890160894379e-02
2.668512761585254449e-12 5.952897780012376266e-02
2.801938399664488555e-12 6.883387801670792783e-02
2.935364037743723066e-12 9.396054107363860375e-02
3.068789675823052088e-12 1.076495784344058959e-01
3.202215313902286194e-12 1.297513149752475559e-01
3.335640951981520704e-12 1.982566909034653158e-01
3.469066590060754811e-12 2.186463006652227814e-01
3.602492228140084237e-12 2.568439143719059015e-01
3.735917866219318343e-12 3.006166363706683220e-01
3.869343504298552450e-12 3.643755317914603165e-01
4.002769142377881068e-12 4.134564994585396280e-01
4.136194780457115982e-12 4.059770942914605607e-01
4.269620418536350088e-12 4.291375792852722415e-01
4.403046056615585002e-12 4.386049176206683886e-01
4.536471694694913621e-12 4.318576926051980180e-01
4.669897332774147727e-12 4.532270072710395392e-01
4.803322970853381833e-12 4.407845374381189063e-01
4.936748608932711259e-12 4.194074876237624538e-01
5.070174247011945366e-12 3.750348081683166912e-01
5.203599885091179472e-12 3.681969368811881527e-01
5.337025523170414386e-12 3.499202312809405191e-01
5.470451161249743005e-12 3.187434734684405635e-01
5.603876799328977111e-12 2.743142307394801915e-01
5.737302437408211217e-12 2.529686049659654046e-01
5.870728075487540643e-12 2.039874690594059570e-01
6.004153713566774750e-12 2.108089031559406412e-01
6.137579351646009664e-12 1.665892346070544927e-01
6.271004989725242962e-12 1.609275893409653768e-01
6.404430627804572388e-12 1.525286683941831645e-01
6.537856265883807303e-12 1.524399559096534795e-01
6.671281903963041409e-12 1.325594156095297182e-01
6.804707542042274707e-12 1.371345142326732547e-01
6.938133180121604134e-12 1.314344349474009521e-01
7.071558818200839048e-12 1.002956277073020208e-01
7.204984456280073154e-12 1.003990853186881305e-01
7.338410094359402580e-12 7.651149636448020819e-02
7.471835732438636686e-12 7.180900951423270506e-02
7.605261370517870793e-12 6.071898205445545177e-02
7.738687008597104899e-12 5.093063505569306315e-02
7.872112646676434325e-12 4.419090346534652186e-02
8.005538284755668432e-12 5.389198831992574046e-02
8.138963922834902538e-12 5.283058090965345871e-02
8.272389560914231964e-12 4.608843208539600139e-02
8.405815198993466070e-12 6.513067566522276475e-02
8.539240837072700177e-12 5.862493231745049410e-02
8.672666475151934283e-12 5.658672068378713116e-02
8.806092113231263709e-12 4.975175007735151145e-02
8.939517751310497815e-12 4.382710976175743095e-02
9.072943389389731922e-12 4.334632193688116308e-02
9.206369027469061348e-12 4.263492999690592089e-02
9.339794665548295454e-12 3.906491723391090215e-02
9.473220303627529560e-12 2.296348043007423803e-02
9.606645941706763667e-12 3.008126740408415684e-02
9.740071579786093093e-12 2.107803797957919986e-02
9.873497217865328815e-12 2.086338760829209091e-02
1.000692285594456131e-11 1.645846225247524219e-02
1.014034849402379541e-11 1.852640586324258778e-02
1.027377413210312484e-11 1.692474667388615961e-02
1.040719977018235894e-11 1.373182240099010167e-02
1.054062540826159305e-11 1.619595064975247120e-02
1.067405104634092248e-11 1.688921333539604441e-02
1.080747668442015820e-11 2.001614712252473838e-02
1.094090232249939069e-11 1.430398166769801180e-02
1.107432796057862480e-11 1.480990872524751492e-02
1.120775359865795422e-11 2.072077080754950243e-02
