0.000000000000000000e+00 1.293413521039605066e-02
6.671281903956973415e-14 1.402950475711632616e-02
1.334256380792342831e-13 1.473001914449256419e-02
2.001384571188988194e-13 1.187284866181931645e-02
2.668512761584685661e-13 1.947142346070544761e-02
3.335640951981330772e-13 7.639063466893557426e-03
4.002769142377976387e-13 7.641359839108914642e-03
4.669897332773673350e-13 1.405742380878711138e-02
5.337025523170319471e-13 1.787689511138614365e-02
6.004153713566964581e-13 1.215917001856435531e-02
6.671281903962661544e-13 1.343232711943068494e-02
7.338410094359307664e-13 9.670385983910886885e-03
8.005538284755004627e-13 1.674490447091582512e-02
8.672666475151650747e-13 1.224498182240098439e-02
9.339794665548295858e-13 1.948532255569308813e-02
1.000692285594399181e-12 1.200664255878711173e-02
1.067405104634063894e-12 1.896900139232672589e-02
1.134117923673728405e-12 1.311180190284654337e-02
1.200830742713298000e-12 1.265905399133664469e-02
1.267543561752962713e-12 5.223159034653471720e-03
1.334256380792627225e-12 7.319142558787128383e-03
1.400969199832196820e-12 1.196361579517325399e-02
1.467682018871861533e-12 7.747476407797028453e-03
1.534394837911526044e-12 1.536007116336634247e-02
1.601107656951095639e-12 1.707413172957921582e-02
1.667820475990760352e-12 1.465979849938118564e-02
1.734533295030330149e-12 1.809976407797028036e-02
1.801246114069994661e-12 1.699484645730198890e-02
1.867958933109659172e-12 1.044946047339108570e-02
1.934671752149228565e-12 1.377025642017327099e-02
2.001384571188893278e-12 2.294462600556929771e-02
2.068097390228557991e-12 3.138754060952970298e-02
2.134810209268127788e-12 1.927163907797028314e-02
2.201523028307792501e-12 3.462083268873759889e-02
2.268235847347456810e-12 4.766543548886137405e-02
2.334948666387026204e-12 6.382029316212869952e-02
2.401661485426690917e-12 9.552473313737622207e-02
2.468374304466260714e-12 1.109696492110148480e-01
2.535087123505925427e-12 1.380346921410890992e-01
2.601799942545589736e-12 1.842343169863861208e-01
2.668512761585159937e-12 2.436030321782179375e-01
2.735225580624823842e-12 2.729963548112623317e-01
2.801938399664488555e-12 3.286057878248762054e-01
2.868651218704058353e-12 4.916578840501238945e-01
2.935364037743723066e-12 5.853109529702971159e-01
3.002076856783387375e-12 6.885079865408415545e-01
3.068789675822957172e-12 8.749325591738861263e-01
3.135502494862621481e-12 8.409933864480196863e-01
3.202215313902286194e-12 8.582850692295791450e-01
3.268928132941855991e-12 7.167753616181929965e-01
3.335640951981520704e-12 6.854470432394803581e-01
3.402353771021090502e-12 6.018612701113860153e-01
3.469066590060754811e-12 5.169975054146039861e-01
3.535779409100419524e-12 3.760829207920791672e-01
3.602492228139989321e-12 3.052122814820544261e-01
3.669205047179653630e-12 2.176213934870049049e-01
3.735917866219318343e-12 1.615282719678217127e-01
3.802630685258887737e-12 1.477198232518563970e-01
3.869343504298552450e-12 9.838891359839106732e-02
3.936056323338217163e-12 8.412554146039606662e-02
4.002769142377786556e-12 5.407545637376236225e-02
4.069481961417451269e-12 5.624854965965349340e-02
4.136194780457020662e-12 3.279412902227719917e-02
4.202907599496685375e-12 1.867409885519801666e-02
4.269620418536350088e-12 1.914739325495049688e-02
4.336333237575920289e-12 1.858997911509901318e-02
4.403046056615585002e-12 1.490949876237624219e-02
4.469758875655248908e-12 1.288989982982672797e-02
4.536471694694819109e-12 1.904756149443069882e-02
4.603184513734483014e-12 1.479081257735146912e-02
4.669897332774147727e-12 1.636926632116337404e-02
4.736610151813717120e-12 1.081784692141090146e-02
4.803322970853381833e-12 2.358736850247524289e-02
4.870035789893046546e-12 1.282632657797028522e-02
4.936748608932615940e-12 8.683912824876242192e-03
5.003461427972280653e-12 1.368758702042081887e-02
