0.000000000000000000e+00 1.575166305693068494e-02
1.334256380792342831e-13 1.402479115099011450e-02
2.668512761585633304e-13 1.818025796720297224e-02
4.002769142377976387e-13 1.637893525680694101e-02
5.337025523170319471e-13 1.239291653774754823e-02
6.671281903962661544e-13 1.542219407487624080e-02
8.005538284755952775e-13 1.392931041150989938e-02
9.339794665548295858e-13 1.730715307858911658e-02
1.067405104634063894e-12 1.501078086324257078e-02
1.200830742713392916e-12 2.209641862623764469e-02
1.334256380792627225e-12 1.134746287128711104e-02
1.467682018871861533e-12 1.779205020111384108e-02
1.601107656951095639e-12 9.597868966584172795e-03
1.734533295030424863e-12 1.182269105816833102e-02
1.867958933109659172e-12 9.264048963490098890e-03
2.001384571188893278e-12 1.591579323948019709e-02
2.134810209268127788e-12 1.059376933787127203e-02
2.268235847347456810e-12 1.366583191522275677e-02
2.401661485426690917e-12 1.643574025371285358e-02
2.535087123505925427e-12 1.633059057858911658e-02
2.668512761585254449e-12 1.889575920482673005e-02
2.801938399664488555e-12 2.097941483601484247e-02
2.935364037743723066e-12 1.977369856126238654e-02
3.068789675822957172e-12 3.271170134591582651e-02
3.202215313902286194e-12 3.330344020730198473e-02
3.335640951981520704e-12 3.344774907178217627e-02
3.469066590060754811e-12 3.859476523824255378e-02
3.602492228140084237e-12 3.580068456064357252e-02
3.735917866219318343e-12 5.126953125000001388e-02
3.869343504298552450e-12 5.636578550433168910e-02
4.002769142377786556e-12 5.052695699257425677e-02
4.136194780457115982e-12 5.643709390470297294e-02
4.269620418536350088e-12 6.910654200185643858e-02
4.403046056615585002e-12 7.634398205445545871e-02
4.536471694694913621e-12 1.011622060643564414e-01
4.669897332774147727e-12 1.300254293007426232e-01
4.803322970853381833e-12 1.709566928372524830e-01
4.936748608932615940e-12 2.204258682704208216e-01
5.070174247011945366e-12 2.090771967821782318e-01
5.203599885091179472e-12 2.700371770575494823e-01
5.337025523170414386e-12 2.823718382580445163e-01
5.470451161249647685e-12 2.868599164603960472e-01
5.603876799328977111e-12 3.009076713335395170e-01
5.737302437408211217e-12 3.113996751237623761e-01
5.870728075487446131e-12 3.451452274133663400e-01
6.004153713566774750e-12 3.305635055693069146e-01
6.137579351646009664e-12 3.470898920946782762e-01
6.271004989725242962e-12 3.649150584003713060e-01
6.404430627804477877e-12 3.317704304610147870e-01
6.537856265883807303e-12 3.120946298731435142e-01
6.671281903963041409e-12 2.761733253403465538e-01
6.804707542042274707e-12 2.702532777691832311e-01
6.938133180121604134e-12 2.232644260519802137e-01
7.071558818200839048e-12 2.296198174504950895e-01
7.204984456280073154e-12 2.141712755259900791e-01
7.338410094359307260e-12 2.131557955600247301e-01
7.471835732438636686e-12 2.176878674195544261e-01
7.605261370517870793e-12 2.150049795018564025e-01
7.738687008597104899e-12 2.124185392172028841e-01
7.872112646676434325e-12 2.396863880724010021e-01
8.005538284755668432e-12 2.247635945235148258e-01
8.138963922834902538e-12 2.348236386138613518e-01
8.272389560914138260e-12 2.097375850866336489e-01
8.405815198993466070e-12 1.926187345297029618e-01
8.539240837072700177e-12 1.696330155476484802e-01
8.672666475151934283e-12 1.557682452815594421e-01
8.806092113231170005e-12 1.275061881188119250e-01
8.939517751310497815e-12 1.154453995204207939e-01
9.072943389389731922e-12 1.001032158879950479e-01
9.206369027468966028e-12 8.810092435024752255e-02
9.339794665548295454e-12 8.991578357054455517e-02
9.473220303627529560e-12 8.768685218131187786e-02
9.606645941706763667e-12 9.660257773824258709e-02
9.740071579785999389e-12 9.165208268873761832e-02
9.873497217865328815e-12 1.079435140779702734e-01
1.000692285594456131e-11 1.127018390315594337e-01
1.014034849402379541e-11 1.116213354733911201e-01
1.027377413210312484e-11 1.364736424814356475e-01
1.040719977018235894e-11 1.316674562964109119e-01
1.054062540826159305e-11 1.307455232827970382e-01
1.067405104634082877e-11 1.389749961324257543e-01
1.080747668442015820e-11 1.041351620513613907e-01
1.094090232249939069e-11 8.506971302599010409e-02
1.107432796057862480e-11 6.049103689665842609e-02
1.120775359865795422e-11 4.612299853032182650e-02
1.134117923673718994e-11 4.281863977413366551e-02
1.147460487481642243e-11 3.404045482673266620e-02
1.160803051289565816e-11 2.704788056930693130e-02
1.174145615097498597e-11 2.459100402227721791e-02
1.187488178905422169e-11 2.753446975556931783e-02
1.200830742713345418e-11 2.370025332611385566e-02
1.214173306521268990e-11 1.976016205136136780e-02
1.227515870329201933e-11 1.548020768873764608e-02
1.240858434137125182e-11 1.953149172339109854e-02
1.254200997945048592e-11 1.734631226794555725e-02
1.267543561752981535e-11 2.216168394183170437e-02
1.280886125560905107e-11 2.140533145111387509e-02
1.294228689368828356e-11 2.233644995358911520e-02
1.307571253176751929e-11 1.629070621905940111e-02
1.320913816984684710e-11 1.768061571782178140e-02
1.334256380792608282e-11 1.877513923267325885e-02
1.347598944600531692e-11 1.160417311262375642e-02
1.360941508408464473e-11 1.493923073948018321e-02
1.374284072216388046e-11 1.381473352413368529e-02
1.387626636024311456e-11 1.392278387995050069e-02
1.400969199832234705e-11 8.723313737623770991e-03
