0.000000000000000000e+00 1.929919554455444136e-02
1.334256380792342831e-13 1.637966042698018460e-02
2.668512761584685661e-13 1.556239364170791672e-02
4.002769142377976387e-13 1.108833539603963289e-02
5.337025523170319471e-13 1.382706141707921652e-02
6.671281903962661544e-13 2.495383083230197363e-02
8.005538284755004627e-13 1.391601562499998265e-02
9.339794665548295858e-13 1.743405785891088272e-02
1.067405104634063894e-12 1.824697362314355725e-02
1.200830742713298000e-12 2.564951075185641430e-02
1.334256380792627225e-12 3.173779780321782373e-02
1.467682018871861533e-12 3.289444422957919778e-02
1.601107656951095639e-12 2.141185798267326162e-02
1.734533295030330149e-12 3.261767094678219570e-02
1.867958933109659172e-12 3.302666692450496183e-02
2.001384571188893278e-12 2.514116646039602637e-02
2.134810209268127788e-12 3.801342048267326856e-02
2.268235847347456810e-12 3.942073406559407078e-02
2.401661485426690917e-12 3.216661509900990007e-02
2.535087123505925427e-12 3.801559599319307564e-02
2.668512761585159937e-12 4.384209661200497155e-02
2.801938399664488555e-12 3.441029161509902984e-02
2.935364037743723066e-12 5.588620629641091048e-02
3.068789675822957172e-12 6.233248568997525052e-02
3.202215313902286194e-12 7.392143022896038862e-02
3.335640951981520704e-12 7.343967551051980291e-02
3.469066590060754811e-12 9.705774288366333935e-02
3.602492228139989321e-12 1.102708268873762443e-01
3.735917866219318343e-12 1.358565226639851242e-01
3.869343504298552450e-12 1.537737855816831978e-01
4.002769142377786556e-12 1.539516939975247856e-01
4.136194780457020662e-12 1.761008083230197752e-01
4.269620418536350088e-12 1.893745648978960028e-01
4.403046056615585002e-12 1.893694887066831312e-01
4.536471694694819109e-12 1.640890895730197918e-01
4.669897332774147727e-12 1.682626856435643359e-01
4.803322970853381833e-12 1.582210125309406190e-01
4.936748608932615940e-12 1.396933980507425455e-01
5.070174247011850854e-12 1.274020053372524608e-01
5.203599885091179472e-12 1.376670308632425843e-01
5.337025523170414386e-12 1.334910175587871173e-01
5.470451161249647685e-12 1.255545134591583845e-01
5.603876799328977111e-12 1.176680461014851381e-01
5.737302437408211217e-12 1.179781772122525385e-01
5.870728075487446131e-12 1.155140489634900874e-01
6.004153713566680238e-12 1.285342377011138293e-01
6.137579351646009664e-12 1.124386022586633394e-01
6.271004989725242962e-12 1.120182452815593477e-01
6.404430627804477877e-12 1.113025023205445746e-01
6.537856265883807303e-12 1.282357093131188674e-01
6.671281903963041409e-12 1.328545598700495156e-01
6.804707542042274707e-12 1.181737314356435115e-01
6.938133180121509622e-12 1.152351001701732852e-01
7.071558818200839048e-12 1.012414913366336267e-01
7.204984456280073154e-12 9.795550355816831645e-02
7.338410094359307260e-12 9.388149752475244414e-02
7.471835732438541367e-12 7.692363474628713393e-02
7.605261370517870793e-12 7.250662322091586121e-02
7.738687008597104899e-12 6.675747408725246634e-02
7.872112646676339006e-12 7.219770072710393616e-02
8.005538284755668432e-12 6.198392056002475364e-02
8.138963922834902538e-12 6.358267906868812769e-02
8.272389560914138260e-12 6.319205406868810826e-02
8.405815198993370751e-12 4.723540957611387092e-02
8.539240837072700177e-12 5.905979269801979459e-02
8.672666475151934283e-12 4.961396774443068564e-02
8.806092113231170005e-12 6.000203047648514781e-02
8.939517751310497815e-12 5.988769531249996808e-02
9.072943389389731922e-12 6.167040532178217488e-02
9.206369027468966028e-12 7.351074218750000555e-02
9.339794665548200134e-12 6.661026454207920333e-02
9.473220303627529560e-12 5.161108640160889938e-02
9.606645941706763667e-12 4.440071936881186121e-02
9.740071579785999389e-12 5.799330909653466204e-02
9.873497217865328815e-12 4.677275100556931020e-02
1.000692285594456131e-11 4.481575843131185843e-02
1.014034849402379541e-11 4.760476291769800278e-02
1.027377413210303113e-11 3.358166383044554337e-02
1.040719977018235894e-11 2.828477916150988827e-02
1.054062540826159305e-11 3.450335512066830812e-02
1.067405104634082877e-11 2.668505375928215823e-02
1.080747668442006288e-11 3.687877088490099792e-02
1.094090232249939069e-11 3.048228650990098682e-02
1.107432796057862480e-11 2.623617342202971131e-02
1.120775359865786052e-11 2.647378751547030395e-02
1.134117923673718994e-11 1.863856551670791534e-02
1.147460487481642243e-11 2.391127784653465649e-02
1.160803051289565816e-11 1.361482827970298889e-02
1.174145615097489226e-11 2.086918896967823039e-02
1.187488178905422169e-11 2.243458965037129979e-02
1.200830742713345418e-11 2.291827815594058709e-02
1.214173306521268990e-11 1.690009088799506246e-02
1.227515870329201933e-11 1.503712871287128661e-02
1.240858434137125182e-11 1.614833114170791464e-02
1.254200997945048592e-11 1.452830097462871374e-02
1.267543561752972165e-11 1.867458230198019986e-02
1.280886125560905107e-11 1.459114905631186954e-02
1.294228689368828356e-11 1.825760945235146981e-02
1.307571253176751929e-11 2.499347346844058709e-02
1.320913816984684710e-11 5.024704130569298925e-03
1.334256380792608282e-11 1.822207611386138931e-02
1.347598944600531692e-11 1.594383315284652464e-02
