0.000000000000000000e+00 1.502504254331682790e-02
6.671281903956973415e-14 1.449881072091584525e-02
1.334256380792342831e-13 1.227084622524751353e-02
2.001384571188988194e-13 1.155534498762375920e-02
2.668512761584685661e-13 1.335412960241336502e-02
3.335640951981330772e-13 1.371272625309406454e-02
4.002769142377028240e-13 1.246760906559405899e-02
4.669897332773673350e-13 1.904599029238861901e-02
5.337025523170319471e-13 1.388495416924503435e-02
6.004153713566016433e-13 1.426047145730198820e-02
6.671281903962661544e-13 1.336923731435643581e-02
7.338410094359307664e-13 1.512753326113860583e-02
8.005538284755004627e-13 1.558644511912128314e-02
8.672666475151650747e-13 1.788112527073019292e-02
9.339794665548295858e-13 8.570786277846544760e-03
1.000692285594399181e-12 1.467285156250000035e-02
1.067405104634063894e-12 9.677758547339109646e-03
1.134117923673633489e-12 1.113402111695544275e-02
1.200830742713298000e-12 1.225948522586633657e-02
1.267543561752962713e-12 1.438399211014850312e-02
1.334256380792532309e-12 1.256780341120050139e-02
1.400969199832196820e-12 9.460811803836635669e-03
1.467682018871861533e-12 1.702566618966584039e-02
1.534394837911431128e-12 1.606783725247523664e-02
1.601107656951095639e-12 1.779603863706683692e-02
1.667820475990760352e-12 1.436695061107673768e-02
1.734533295030330149e-12 1.710688524907178626e-02
1.801246114069994661e-12 1.236632696472772866e-02
1.867958933109659172e-12 1.019758469987623595e-02
1.934671752149228565e-12 1.646245068842821374e-02
2.001384571188893278e-12 1.359512782332921409e-02
2.068097390228463075e-12 1.279526512221534386e-02
2.134810209268127788e-12 1.703980700804453435e-02
2.201523028307792501e-12 1.354460763459158779e-02
2.268235847347361895e-12 1.243570157797029875e-02
2.334948666387026204e-12 2.306294960550742471e-02
2.401661485426690917e-12 1.487892075340347363e-02
2.468374304466260714e-12 2.007996209777227620e-02
2.535087123505925427e-12 2.425597540222770160e-02
2.601799942545589736e-12 2.717551051980197224e-02
2.668512761585159937e-12 2.675285717048268147e-02
2.735225580624823842e-12 2.468817682549504650e-02
2.801938399664393640e-12 2.720512163521039348e-02
2.868651218704058353e-12 3.023210280012376613e-02
2.935364037743723066e-12 3.105662128712869882e-02
3.002076856783292863e-12 2.954911335860149063e-02
3.068789675822957172e-12 3.166721457301981124e-02
3.135502494862621481e-12 3.184077196782177099e-02
3.202215313902191278e-12 3.663402595142325330e-02
3.268928132941855991e-12 3.777483949566832339e-02
3.335640951981520704e-12 5.217611482827969743e-02
3.402353771021090502e-12 5.761344078743813046e-02
3.469066590060754811e-12 7.161877320544554615e-02
3.535779409100419524e-12 8.252448657951733102e-02
3.602492228139989321e-12 9.588828511757427342e-02
3.669205047179653630e-12 9.604226291769803192e-02
3.735917866219223024e-12 1.234225131497524580e-01
3.802630685258887737e-12 1.520848642481435475e-01
3.869343504298552450e-12 2.285932182085396447e-01
3.936056323338121843e-12 2.522680905785891214e-01
4.002769142377786556e-12 3.177213461092203151e-01
4.069481961417451269e-12 3.402354627552598432e-01
4.136194780457020662e-12 3.498272886370667467e-01
4.202907599496685375e-12 3.667293133121907189e-01
4.269620418536350088e-12 4.387128471147894726e-01
4.336333237575920289e-12 4.646179803527227259e-01
4.403046056615585002e-12 4.838874439201733546e-01
4.469758875655154396e-12 5.424619769105818445e-01
4.536471694694819109e-12 5.691944084545172977e-01
4.603184513734483014e-12 5.685209670869431076e-01
4.669897332774052407e-12 6.201337455522896169e-01
4.736610151813717120e-12 6.894436977877475003e-01
4.803322970853381833e-12 6.589747060643562637e-01
4.870035789892952035e-12 6.945509504563736058e-01
4.936748608932615940e-12 7.222657458616955628e-01
5.003461427972280653e-12 7.288339747060642582e-01
5.070174247011850854e-12 7.458351059715345732e-01
5.136887066051515567e-12 7.357825553063120916e-01
5.203599885091179472e-12 7.513357634591584233e-01
5.270312704130749673e-12 7.527635026686262387e-01
5.337025523170414386e-12 7.802930170946781319e-01
5.403738342209982972e-12 8.459097984993813046e-01
5.470451161249647685e-12 8.671343208539605829e-01
5.537163980289312398e-12 8.795922609839109674e-01
5.603876799328882599e-12 9.119354550201113074e-01
5.670589618368547312e-12 1.001955783957302115e+00
5.737302437408211217e-12 1.018507914023824013e+00
5.804015256447781418e-12 9.853027343750000444e-01
5.870728075487446131e-12 1.092766669245049282e+00
5.937440894527110844e-12 1.083732136641398558e+00
6.004153713566680238e-12 1.131161770962252344e+00
6.070866532606344951e-12 1.196106077892945541e+00
6.137579351645914344e-12 1.243282748685024863e+00
6.204292170685579057e-12 1.163599841429455273e+00
6.271004989725242962e-12 1.189607586246906212e+00
6.337717808764813164e-12 1.281840892829517076e+00
6.404430627804477877e-12 1.224492260017017164e+00
6.471143446844141782e-12 1.178965230507425854e+00
6.537856265883711983e-12 1.181242023128093788e+00
6.604569084923377504e-12 1.249359433013613963e+00
6.671281903963041409e-12 1.190936823174504777e+00
6.737994723002610802e-12 1.130520116220606441e+00
6.804707542042274707e-12 1.072175099590037206e+00
6.871420361081940228e-12 1.038497350711633516e+00
6.938133180121509622e-12 1.059888783067759688e+00
7.004845999161173527e-12 1.061043737430383826e+00
7.071558818200743728e-12 9.727468962716582235e-01
7.138271637240409249e-12 9.990424127862006509e-01
7.204984456280073154e-12 9.841996296797649313e-01
7.271697275319642547e-12 1.023701341081374006e+00
7.338410094359307260e-12 9.285520043703590076e-01
7.405122913398971166e-12 9.685826065516709438e-01
7.471835732438541367e-12 9.047705319848393657e-01
7.538548551478205272e-12 9.587195670250621138e-01
7.605261370517870793e-12 8.834935556543934698e-01
7.671974189557440994e-12 9.872315661741953852e-01
7.738687008597104899e-12 9.495117187500001776e-01
7.805399827636673485e-12 9.745224754409035350e-01
7.872112646676339006e-12 9.022377542930074545e-01
7.938825465716002911e-12 9.098395923576733102e-01
8.005538284755573112e-12 8.260905350788982915e-01
8.072251103795238633e-12 8.530830609916458807e-01
8.138963922834902538e-12 8.109991394647277918e-01
8.205676741874472739e-12 7.314074827892945718e-01
8.272389560914138260e-12 7.257255327583540527e-01
8.339102379953802165e-12 6.797156607750618473e-01
8.405815198993370751e-12 6.634198783647895503e-01
8.472528018033034656e-12 5.932062432317450895e-01
8.539240837072700177e-12 6.268236821240718015e-01
8.605953656112270378e-12 5.660440274984528397e-01
8.672666475151934283e-12 5.779635287747524330e-01
8.739379294191504484e-12 6.128000995900371173e-01
8.806092113231170005e-12 6.703359471689356308e-01
8.872804932270832295e-12 7.397424678991335600e-01
8.939517751310402496e-12 7.444596998762376128e-01
9.006230570350068017e-12 7.500598265392944830e-01
9.072943389389731922e-12 8.020141601562500444e-01
9.139656208429302123e-12 6.820018806079827245e-01
9.206369027468966028e-12 7.364070476871905635e-01
9.273081846508631549e-12 7.264920376314973893e-01
9.339794665548200134e-12 9.150650477645418945e-01
9.406507484587864040e-12 7.606549253558168022e-01
9.473220303627434241e-12 7.333511805770419612e-01
9.539933122667099762e-12 6.465843276222156266e-01
9.606645941706763667e-12 7.264589215269183775e-01
9.673358760746333868e-12 6.266990737159654490e-01
9.740071579785999389e-12 5.196123481977104053e-01
9.806784398825663294e-12 5.114787186726486024e-01
9.873497217865231880e-12 4.103429813196163845e-01
9.940210036904897400e-12 3.072943659112004622e-01
1.000692285594456131e-11 2.356921507580445885e-01
1.007363567498413151e-11 2.206742390547649091e-01
1.014034849402379541e-11 1.575787534808167911e-01
1.020706131306346093e-11 9.979743579826734490e-02
1.027377413210303113e-11 8.179992071472771964e-02
1.034048695114269504e-11 5.790302540996289382e-02
1.040719977018226362e-11 3.932186919863861485e-02
1.047391258922192915e-11 3.610042156559407911e-02
1.054062540826159305e-11 2.880629737778464539e-02
1.060733822730116325e-11 2.376962793935643789e-02
1.067405104634082877e-11 2.317390064201731853e-02
1.074076386538049268e-11 1.921858079362625052e-02
1.080747668442006288e-11 1.873513401144801666e-02
1.087418950345972678e-11 1.903595877165842332e-02
1.094090232249939069e-11 1.926849667388614434e-02
1.100761514153896089e-11 2.437647451268565996e-02
1.107432796057862480e-11 1.723826191212871409e-02
1.114104077961819500e-11 1.632418490872524636e-02
1.120775359865786052e-11 2.003451810024751284e-02
1.127446641769752442e-11 1.350726137066833241e-02
1.134117923673709462e-11 1.651176226021039070e-02
1.140789205577675853e-11 1.590394879331682998e-02
1.147460487481642243e-11 1.440332998143565094e-02
