0.000000000000000000e+00 1.658995977722773144e-02
1.334256380792342831e-13 1.616355971534654684e-02
2.668512761585633304e-13 1.527740176361385739e-02
4.002769142377976387e-13 1.899800819925743026e-02
5.337025523170319471e-13 1.273688892326734455e-02
6.671281903962661544e-13 1.837266978650990007e-02
8.005538284755952775e-13 1.323459738551980083e-02
9.339794665548295858e-13 1.664942373143564122e-02
1.067405104634063894e-12 1.879351021039605760e-02
1.200830742713392916e-12 2.103283570544554199e-02
1.334256380792627225e-12 1.553797957920792852e-02
1.467682018871861533e-12 1.944253751547030465e-02
1.601107656951095639e-12 2.348221882735145732e-02
1.734533295030424863e-12 1.086740021658417349e-02
1.867958933109659172e-12 1.232354192450494171e-02
2.001384571188893278e-12 1.681113668007425815e-02
2.134810209268127788e-12 1.998979927289604858e-02
2.268235847347456810e-12 1.529238861386138584e-02
2.401661485426690917e-12 1.550776415532176787e-02
2.535087123505925427e-12 1.770285426980196947e-02
2.668512761585254449e-12 1.830812964108911520e-02
2.801938399664488555e-12 2.169684986076731575e-02
2.935364037743723066e-12 1.737507735148512839e-02
3.068789675822957172e-12 2.571912708849008466e-02
3.202215313902286194e-12 3.239262646967820680e-02
3.335640951981520704e-12 3.912583152846536849e-02
3.469066590060754811e-12 5.057385133044554199e-02
3.602492228140084237e-12 6.765450959158415822e-02
3.735917866219318343e-12 9.402822362314355864e-02
3.869343504298552450e-12 1.169953299040841499e-01
4.002769142377786556e-12 2.073041557085396058e-01
4.136194780457115982e-12 2.165483833539604552e-01
4.269620418536350088e-12 2.824235670637375573e-01
4.403046056615585002e-12 2.750894376547030618e-01
4.536471694694913621e-12 3.833730565439356641e-01
4.669897332774147727e-12 4.080022528620048661e-01
4.803322970853381833e-12 3.958232615253712838e-01
4.936748608932615940e-12 4.561061745823019042e-01
5.070174247011945366e-12 5.457118270420791006e-01
5.203599885091179472e-12 6.347661084467821624e-01
5.337025523170414386e-12 6.487529490253716169e-01
5.470451161249647685e-12 6.282357093131187842e-01
5.603876799328977111e-12 6.824300935952971603e-01
5.737302437408211217e-12 7.228474532023513310e-01
5.870728075487446131e-12 6.300073000464105899e-01
6.004153713566774750e-12 7.317312712716581569e-01
6.137579351646009664e-12 6.655038965810644580e-01
6.271004989725242962e-12 6.318325533725246412e-01
6.404430627804477877e-12 5.668280573174505621e-01
6.537856265883807303e-12 5.505607982673268452e-01
6.671281903963041409e-12 5.116730642790840999e-01
6.804707542042274707e-12 4.860999381188118029e-01
6.938133180121604134e-12 4.371934947400991089e-01
7.071558818200839048e-12 3.675587871287129271e-01
7.204984456280073154e-12 3.351917833384902012e-01
7.338410094359307260e-12 3.494631323483911034e-01
7.471835732438636686e-12 3.558978090191831645e-01
7.605261370517870793e-12 3.455382696472772963e-01
7.738687008597104899e-12 3.154705387530941652e-01
7.872112646676434325e-12 2.913199547493811603e-01
8.005538284755668432e-12 2.883890586324257543e-01
8.138963922834902538e-12 2.258972772277227370e-01
8.272389560914138260e-12 2.516543548886137627e-01
8.405815198993466070e-12 1.882474087252475892e-01
8.539240837072700177e-12 2.113936320389850909e-01
8.672666475151934283e-12 2.268167930074257710e-01
8.806092113231170005e-12 1.824450804455444997e-01
8.939517751310497815e-12 1.644947014232672755e-01
9.072943389389731922e-12 1.625841197400990645e-01
9.206369027468966028e-12 1.098925297803217821e-01
9.339794665548295454e-12 1.387008818069306870e-01
9.473220303627529560e-12 1.312234104269801860e-01
9.606645941706763667e-12 5.773128094059407772e-02
9.740071579785999389e-12 6.050046410891089799e-02
9.873497217865328815e-12 4.732871480507424428e-02
1.000692285594456131e-11 3.170951616646040805e-02
1.014034849402379541e-11 2.533043587561881194e-02
1.027377413210312484e-11 2.220035968440594448e-02
1.040719977018235894e-11 1.285992612933166933e-02
1.054062540826159305e-11 9.935556543935642956e-03
1.067405104634082877e-11 9.545898437499983000e-03
1.080747668442015820e-11 1.742873994430692991e-02
1.094090232249939069e-11 1.127132000309404199e-02
1.107432796057862480e-11 1.646498878403465996e-02
1.120775359865795422e-11 7.680277305074241154e-03
1.134117923673718994e-11 1.549229385829210305e-02
1.147460487481642243e-11 1.360806002475247259e-02
1.160803051289565816e-11 1.404702970297029910e-02
1.174145615097498597e-11 1.430253132735150381e-02
1.187488178905422169e-11 1.307626856435642818e-02
1.200830742713345418e-11 1.559212561881188550e-02
1.214173306521268990e-11 1.068006458849008432e-02
1.227515870329201933e-11 1.882517597462870021e-02
1.240858434137125182e-11 1.123409460086634629e-02
1.254200997945048592e-11 2.043892133353960097e-02
