0.000000000000000000e+00 7.105217357673268563e-02
1.334256380792342831e-13 2.226610844678218390e-02
2.668512761585633304e-13 1.856798228650990285e-02
4.002769142377976387e-13 1.808115137685643165e-02
5.337025523170319471e-13 2.259461053527228591e-02
6.671281903962661544e-13 2.010075030940594240e-02
8.005538284755952775e-13 2.166880994740099861e-02
9.339794665548295858e-13 2.219963451423266967e-02
1.067405104634063894e-12 1.931079826732674462e-02
1.200830742713392916e-12 2.205629254331682720e-02
1.334256380792627225e-12 2.247012298886138376e-02
1.467682018871861533e-12 2.320447865099010271e-02
1.601107656951095639e-12 2.662945737933168286e-02
1.734533295030424863e-12 3.032468285891089937e-02
1.867958933109659172e-12 2.802661857982675225e-02
2.001384571188893278e-12 3.977244159962874115e-02
2.134810209268127788e-12 4.789096341274752533e-02
2.268235847347456810e-12 7.115949876237623317e-02
2.401661485426690917e-12 9.171686455754948786e-02
2.535087123505925427e-12 1.588374071782178709e-01
2.668512761585254449e-12 2.698810237469058682e-01
2.801938399664488555e-12 3.373921913675743123e-01
2.935364037743723066e-12 4.461781114634900680e-01
3.068789675822957172e-12 5.192264368038366218e-01
3.202215313902286194e-12 7.088154103496290270e-01
3.335640951981520704e-12 8.195672667852724746e-01
3.469066590060754811e-12 9.312623278929456072e-01
3.602492228140084237e-12 1.051006536200495223e+00
3.735917866219318343e-12 1.032644743966584233e+00
3.869343504298552450e-12 9.743654760983908591e-01
4.002769142377786556e-12 9.120735999381188730e-01
4.136194780457115982e-12 8.069229579207919389e-01
4.269620418536350088e-12 6.112420714727722082e-01
4.403046056615585002e-12 5.019497408725248633e-01
4.536471694694913621e-12 3.692854173112624094e-01
4.669897332774147727e-12 3.484280727877475115e-01
4.803322970853381833e-12 2.840469813582920944e-01
4.936748608932615940e-12 2.622060643564356752e-01
5.070174247011945366e-12 2.634946917543318223e-01
5.203599885091179472e-12 3.710640180228961804e-01
5.337025523170414386e-12 4.471046372215347064e-01
5.470451161249647685e-12 4.346302599009901901e-01
5.603876799328977111e-12 4.856573425897276475e-01
5.737302437408211217e-12 3.876150603341584899e-01
5.870728075487446131e-12 3.748298267326732880e-01
6.004153713566774750e-12 2.487321608137376683e-01
6.137579351646009664e-12 1.267527363087871395e-01
6.271004989725242962e-12 8.447096418626237613e-02
6.404430627804477877e-12 5.243826384591583623e-02
6.537856265883807303e-12 4.605144840655937821e-02
6.671281903963041409e-12 3.457152111695545316e-02
6.804707542042274707e-12 3.413134282178217210e-02
6.938133180121604134e-12 2.603288405012375503e-02
7.071558818200839048e-12 1.822062577351486051e-02
7.204984456280073154e-12 2.044883199257425607e-02
7.338410094359307260e-12 2.568456064356435670e-02
7.471835732438636686e-12 2.116747563428218390e-02
7.605261370517870793e-12 2.737879989170789383e-02
7.738687008597104899e-12 2.089843749999999861e-02
7.872112646676434325e-12 2.303527227722772588e-02
8.005538284755668432e-12 2.581799195544553019e-02
8.138963922834902538e-12 1.805577042079208744e-02
8.272389560914138260e-12 2.776869972153466273e-02
8.405815198993466070e-12 2.273722733601483623e-02
