6.084209096414287425e-12 7.036132812499999722e-02
6.671281903961714154e-14 2.091064453125000486e-02
1.334256380792816652e-13 1.779785156249999445e-02
2.001384571188988194e-13 1.666259765624999306e-02
2.668512761585159735e-13 1.643066406249999584e-02
3.335640951981330772e-13 2.486572265624999861e-02
4.002769142377976387e-13 2.030029296874998751e-02
4.669897332774147929e-13 1.950683593750001180e-02
5.337025523170319471e-13 2.178955078125000694e-02
6.004153713566964581e-13 2.310791015624998751e-02
6.671281903963136123e-13 1.975097656249998751e-02
7.338410094359307664e-13 2.490234374999999306e-02
8.005538284755478196e-13 2.366943359375001110e-02
8.672666475152124316e-13 2.362060546875000000e-02
9.339794665548295858e-13 2.160644531249999306e-02
1.000692285594446639e-12 2.067871093750000416e-02
1.067405104634063894e-12 1.904296875000001041e-02
1.134117923673728405e-12 2.764892578124998265e-02
1.200830742713345458e-12 2.416992187500000694e-02
1.267543561752962713e-12 2.178955078125000000e-02
1.334256380792627225e-12 2.379150390624999722e-02
1.400969199832244278e-12 1.687011718750001596e-02
1.467682018871861533e-12 1.998291015624998820e-02
1.534394837911478586e-12 2.469482421874999445e-02
1.601107656951143097e-12 2.016601562499999861e-02
1.667820475990760352e-12 2.548828125000000486e-02
1.734533295030377405e-12 2.877197265625000555e-02
1.801246114070042118e-12 2.708740234374999375e-02
1.867958933109659172e-12 3.004150390625000625e-02
1.934671752149276225e-12 3.591308593750001249e-02
2.001384571188893278e-12 3.581542968750001110e-02
2.068097390228557991e-12 4.210205078124999722e-02
2.134810209268175044e-12 3.939208984374997780e-02
2.201523028307792501e-12 4.144287109375001388e-02
2.268235847347456810e-12 4.296875000000001388e-02
2.334948666387073864e-12 4.896240234375000278e-02
2.401661485426690917e-12 4.869384765624998335e-02
2.468374304466307970e-12 5.441894531250000833e-02
2.535087123505972683e-12 5.045166015625000833e-02
2.601799942545589736e-12 4.887695312500001804e-02
2.668512761585207193e-12 6.140136718750000000e-02
2.735225580624823842e-12 5.974121093749999722e-02
2.801938399664488555e-12 6.607666015625003608e-02
2.868651218704105609e-12 7.231445312499999722e-02
2.935364037743723066e-12 7.121582031249998335e-02
3.002076856783387375e-12 7.457275390624998335e-02
3.068789675823004832e-12 7.924804687500000555e-02
3.135502494862621481e-12 7.583007812500001943e-02
3.202215313902238938e-12 7.426757812500001110e-02
3.268928132941903651e-12 8.271484374999997502e-02
3.335640951981520704e-12 8.657226562499997780e-02
3.402353771021137354e-12 7.678222656250000000e-02
3.469066590060802067e-12 7.315673828125000833e-02
3.535779409100419524e-12 6.881103515624999167e-02
3.602492228140036577e-12 6.895751953124999722e-02
3.669205047179653630e-12 7.105712890624997502e-02
3.735917866219318343e-12 6.578369140624999722e-02
3.802630685258935396e-12 6.704101562499997780e-02
3.869343504298552450e-12 6.917724609375000555e-02
3.936056323338217163e-12 7.529296875000003608e-02
4.002769142377834216e-12 8.061523437499999722e-02
4.069481961417451269e-12 8.325195312500000000e-02
4.136194780457069130e-12 7.846679687500000833e-02
4.202907599496733035e-12 9.205322265625000278e-02
4.269620418536350088e-12 1.093994140625000056e-01
4.336333237575967141e-12 1.217041015625000000e-01
4.403046056615585002e-12 1.269897460937499944e-01
4.469758875655248908e-12 1.339477539062499667e-01
4.536471694694865961e-12 1.560058593749999722e-01
4.603184513734483014e-12 1.596923828124999778e-01
4.669897332774147727e-12 1.849365234375000000e-01
4.736610151813764780e-12 2.046508789062500000e-01
4.803322970853381833e-12 2.151123046875000056e-01
4.870035789892999694e-12 2.434692382812500000e-01
4.936748608932664407e-12 2.383178710937499944e-01
5.003461427972280653e-12 2.051635742187500056e-01
5.070174247011897706e-12 2.208496093750000056e-01
5.136887066051562419e-12 2.260131835937500000e-01
5.203599885091179472e-12 2.105102539062500000e-01
5.270312704130796525e-12 2.015991210937499445e-01
5.337025523170414386e-12 1.954223632812500111e-01
5.403738342210079099e-12 1.726440429687499667e-01
5.470451161249695345e-12 1.597290039062499722e-01
5.537163980289312398e-12 1.507202148437500056e-01
5.603876799328977111e-12 1.380859375000000333e-01
5.670589618368594972e-12 1.316406250000000111e-01
5.737302437408211217e-12 1.273071289062500111e-01
5.804015256447829078e-12 1.275878906249999778e-01
5.870728075487492983e-12 1.324584960937499889e-01
5.937440894527110844e-12 1.262695312499999556e-01
6.004153713566727090e-12 1.213256835937499972e-01
6.070866532606344951e-12 1.125610351562500028e-01
6.137579351646009664e-12 1.083007812500000056e-01
6.204292170685625909e-12 1.052978515624999750e-01
6.271004989725242962e-12 1.137084960937500000e-01
6.337717808764907675e-12 1.233154296875000056e-01
6.404430627804525536e-12 1.144042968750000056e-01
6.471143446844141782e-12 1.282226562500000111e-01
6.537856265883759643e-12 1.249145507812500500e-01
6.604569084923423548e-12 1.118652343749999972e-01
6.671281903963041409e-12 1.096191406249999722e-01
6.737994723002658462e-12 1.078124999999999778e-01
6.804707542042322367e-12 1.076171874999999750e-01
6.871420361081940228e-12 1.065063476562500000e-01
6.938133180121557281e-12 1.020263671874999944e-01
7.004845999161173527e-12 9.997558593750001388e-02
7.071558818200839048e-12 9.547119140625000278e-02
7.138271637240455293e-12 8.408203124999998057e-02
7.204984456280073154e-12 8.929443359374997224e-02
7.271697275319737867e-12 8.710937500000001665e-02
7.338410094359354112e-12 8.542480468749999445e-02
7.405122913398971166e-12 7.337646484374997502e-02
7.471835732438589834e-12 7.231445312499998335e-02
7.538548551478253740e-12 7.811279296875001110e-02
7.605261370517870793e-12 8.430175781249998890e-02
7.671974189557487846e-12 7.924804687500000555e-02
7.738687008597104899e-12 7.503662109375000555e-02
7.805399827636770420e-12 7.241210937499997780e-02
7.872112646676387473e-12 7.407226562500000833e-02
7.938825465716002911e-12 6.270751953124999167e-02
8.005538284755668432e-12 6.008300781249999861e-02
8.072251103795285485e-12 5.974121093749999029e-02
8.138963922834902538e-12 5.643310546875000139e-02
8.205676741874519591e-12 5.114746093750000000e-02
8.272389560914183496e-12 5.166015624999999167e-02
8.339102379953802165e-12 5.826416015625000139e-02
8.405815198993419218e-12 5.928955078124999861e-02
8.472528018033083123e-12 5.603027343750002082e-02
8.539240837072700177e-12 5.812988281249999167e-02
8.605953656112317230e-12 5.374755859375000139e-02
8.672666475151934283e-12 4.963378906250000971e-02
8.739379294191599804e-12 5.356445312500000833e-02
8.806092113231215241e-12 4.952392578125000555e-02
8.872804932270832295e-12 4.799804687499997780e-02
8.939517751310497815e-12 4.995117187499999861e-02
9.006230570350114869e-12 4.797363281250001388e-02
9.072943389389731922e-12 4.613037109374999722e-02
9.139656208429348975e-12 4.058837890625000000e-02
9.206369027469012880e-12 4.002685546874999722e-02
9.273081846508631549e-12 3.532714843749999722e-02
9.339794665548248602e-12 4.039306640624999722e-02
9.406507484587864040e-12 3.981933593750001249e-02
9.473220303627529560e-12 3.366699218749999445e-02
9.539933122667148229e-12 3.961181640625000000e-02
9.606645941706763667e-12 3.825683593749998335e-02
9.673358760746429188e-12 4.436035156249999722e-02
9.740071579786044625e-12 4.165039062500000555e-02
9.806784398825663294e-12 4.733886718749998057e-02
9.873497217865280347e-12 4.370117187500000000e-02
9.940210036904944252e-12 4.956054687500000000e-02
1.000692285594456131e-11 3.864746093749999584e-02
1.007363567498417997e-11 3.433837890625001527e-02
1.014034849402384388e-11 4.237060546874999584e-02
1.020706131306346093e-11 3.930664062499998612e-02
1.027377413210307799e-11 3.916015625000000833e-02
1.034048695114269504e-11 3.259277343749999306e-02
1.040719977018235894e-11 3.353271484374999167e-02
1.047391258922197600e-11 2.640380859375000486e-02
1.054062540826159305e-11 2.435302734375000000e-02
1.060733822730125857e-11 2.288818359375000694e-02
1.067405104634087401e-11 2.449951171874999861e-02
1.074076386538049268e-11 1.759033203125000971e-02
1.080747668442010973e-11 1.710205078124999584e-02
1.087418950345977364e-11 2.092285156250000416e-02
1.094090232249939069e-11 1.623535156250000694e-02
1.100761514153900936e-11 1.445312500000000243e-02
1.107432796057862480e-11 1.945800781249999029e-02
1.114104077961829032e-11 1.859130859374999445e-02
1.120775359865790737e-11 1.451416015625000763e-02
1.127446641769752442e-11 1.536865234375000590e-02
1.134117923673718994e-11 1.925048828124999167e-02
1.140789205577680538e-11 2.039794921874999584e-02
1.147460487481642243e-11 1.738281250000000069e-02
1.154131769385604110e-11 1.500244140625000763e-02
1.160803051289570501e-11 2.072753906249999445e-02
1.167474333193532206e-11 1.989746093750000694e-02
1.174145615097493911e-11 1.834716796875001180e-02
1.180816897001460302e-11 1.719970703125000416e-02
1.187488178905422169e-11 1.534423828124999167e-02
1.194159460809383874e-11 1.805419921874998682e-02
1.200830742713345418e-11 1.962890625000000139e-02
1.207502024617311970e-11 2.041015624999999861e-02
1.214173306521273675e-11 2.082519531249999237e-02
1.220844588425235381e-11 1.881103515624999237e-02
1.227515870329201933e-11 2.307128906250000694e-02
1.234187152233163477e-11 1.979980468750001249e-02
1.240858434137125182e-11 1.777343750000000971e-02
