0.000000000000000000e+00 1.520512646967821582e-02
1.334256380792342831e-13 8.307307781559417764e-03
2.668512761585633304e-13 1.698517752165841846e-02
4.002769142377976387e-13 2.462266978650990215e-02
5.337025523170319471e-13 9.715346534653456628e-03
6.671281903963609692e-13 1.897818688118811659e-02
8.005538284755952775e-13 1.915488668007426024e-02
9.339794665548295858e-13 2.466763033725250659e-02
1.067405104634063894e-12 1.562185759591582825e-02
1.200830742713392916e-12 1.498612507735148577e-02
1.334256380792627225e-12 1.497621441831684629e-02
1.467682018871861533e-12 1.628079556002474254e-02
1.601107656951190555e-12 2.666281520730198751e-02
1.734533295030424863e-12 2.903073754641088966e-02
1.867958933109659172e-12 3.572309135210395559e-02
2.001384571188893278e-12 4.306640624999998751e-02
2.134810209268222300e-12 4.221578163675739764e-02
2.268235847347456810e-12 4.883706876547030257e-02
2.401661485426690917e-12 5.589998452970298265e-02
2.535087123506019939e-12 5.209042388613860375e-02
2.668512761585254449e-12 7.390595993193069257e-02
2.801938399664488555e-12 8.452365988551978349e-02
2.935364037743723066e-12 9.065594059405943095e-02
3.068789675823052088e-12 8.715530244430694240e-02
3.202215313902286194e-12 1.308194906404702984e-01
3.335640951981520704e-12 1.707113435952969938e-01
3.469066590060754811e-12 2.135389271349010243e-01
3.602492228140084237e-12 2.679153291305693130e-01
3.735917866219318343e-12 3.405382213025990312e-01
3.869343504298552450e-12 3.317648708230199195e-01
4.002769142377881068e-12 3.344840172493811492e-01
4.136194780457115982e-12 3.839437654702970160e-01
4.269620418536350088e-12 4.272378751547029618e-01
4.403046056615585002e-12 4.197357479888612630e-01
4.536471694694913621e-12 3.940117864325495267e-01
4.669897332774147727e-12 4.135698677289603720e-01
4.803322970853381833e-12 4.019963934870050548e-01
4.936748608932711259e-12 3.981375212716584122e-01
5.070174247011945366e-12 3.991684715346535683e-01
5.203599885091179472e-12 3.746110670637375906e-01
5.337025523170414386e-12 3.284977374690594698e-01
5.470451161249743005e-12 3.008177502320544816e-01
5.603876799328977111e-12 2.919873530321780986e-01
5.737302437408211217e-12 2.678730275371287162e-01
5.870728075487540643e-12 2.315797107054455017e-01
6.004153713566774750e-12 1.962042175897276697e-01
6.137579351646009664e-12 1.545359394337871839e-01
6.271004989725242962e-12 1.475624613242574046e-01
6.404430627804572388e-12 1.465274017636138681e-01
6.537856265883807303e-12 1.425626547029703317e-01
6.671281903963041409e-12 1.508646445699257099e-01
6.804707542042274707e-12 1.422764542079208439e-01
6.938133180121604134e-12 1.523072497679455184e-01
7.071558818200839048e-12 1.257964785736386260e-01
7.204984456280073154e-12 1.236134746287128883e-01
7.338410094359402580e-12 1.130221225247524525e-01
7.471835732438636686e-12 9.182128906250000555e-02
7.605261370517870793e-12 8.265707185952970992e-02
7.738687008597104899e-12 6.135253906250000278e-02
7.872112646676434325e-12 5.388957108601485219e-02
8.005538284755668432e-12 5.677381458849010271e-02
8.138963922834902538e-12 4.509180654393561694e-02
8.272389560914231964e-12 4.832268138923269396e-02
8.405815198993466070e-12 4.621992961014850104e-02
8.539240837072700177e-12 5.069036200495048716e-02
8.672666475151934283e-12 5.923238319925740875e-02
8.806092113231263709e-12 5.070365679146040389e-02
8.939517751310497815e-12 5.426255027846534768e-02
9.072943389389731922e-12 6.437432317450493546e-02
9.206369027469061348e-12 6.117970683787130742e-02
9.339794665548295454e-12 5.224174272896040666e-02
9.473220303627529560e-12 6.634799466274751700e-02
9.606645941706763667e-12 5.654176013304459264e-02
9.740071579786093093e-12 4.907637492264847745e-02
9.873497217865328815e-12 2.993115717821784316e-02
1.000692285594456131e-11 2.570607402537129077e-02
1.014034849402379541e-11 3.053667427289605968e-02
1.027377413210312484e-11 2.217932974938118668e-02
1.040719977018235894e-11 1.763541344368811312e-02
1.054062540826159305e-11 1.570887801670792921e-02
1.067405104634092248e-11 2.430262801670791256e-02
1.080747668442015820e-11 1.215892829517327238e-02
1.094090232249939069e-11 2.043940478032179112e-02
1.107432796057862480e-11 1.291600595606435739e-02
1.120775359865795422e-11 1.480314047029702637e-02
1.134117923673718994e-11 1.693707456683168910e-02
1.147460487481642243e-11 1.385244237314356766e-02
