0.000000000000000000e+00 1.342942643873762908e-02
6.671281903956973415e-14 1.674345413056931020e-02
1.334256380792342831e-13 1.409102336014852151e-02
2.001384571188988194e-13 6.867361540841586572e-03
2.668512761584685661e-13 1.329829149907178765e-02
3.335640951981330772e-13 1.356527498452970125e-02
4.002769142377028240e-13 9.045772741336626302e-03
4.669897332773673350e-13 8.031380530631192921e-03
5.337025523170319471e-13 1.556783241800742922e-02
6.004153713566016433e-13 1.295734065594058605e-02
6.671281903962661544e-13 1.774817740563119223e-02
7.338410094359307664e-13 9.476765547648514920e-03
8.005538284755004627e-13 1.038685411509902498e-02
8.672666475151650747e-13 1.014331779857672970e-02
9.339794665548295858e-13 1.254363107209159264e-02
1.000692285594399181e-12 7.715931505259891743e-03
1.067405104634063894e-12 1.147436765160890493e-02
1.134117923673633489e-12 1.566270884900990840e-02
1.200830742713298000e-12 1.545603534962870437e-02
1.267543561752962713e-12 1.631294477103959265e-02
1.334256380792532309e-12 1.654983369430693824e-02
1.400969199832196820e-12 1.169941212871287127e-02
1.467682018871861533e-12 1.542980836169553435e-02
1.534394837911431128e-12 1.389546913675742713e-02
1.601107656951095639e-12 1.222479791924505066e-02
1.667820475990760352e-12 1.952496519183167037e-02
1.734533295030330149e-12 1.046094233446782061e-02
1.801246114069994661e-12 1.605188350866336433e-02
1.867958933109659172e-12 1.490164275216584490e-02
1.934671752149228565e-12 1.112072633044554337e-02
2.001384571188893278e-12 1.657847791615098612e-02
2.068097390228463075e-12 8.381033415841586398e-03
2.134810209268127788e-12 1.693610767326732269e-02
2.201523028307792501e-12 1.029439491800742193e-02
2.268235847347361895e-12 9.732871480507438236e-03
2.334948666387026204e-12 1.174147199876237994e-02
2.401661485426690917e-12 1.513502668626235878e-02
2.468374304466260714e-12 1.571480023978960930e-02
2.535087123505925427e-12 2.072983543471535253e-02
2.601799942545589736e-12 2.458798247988862318e-02
2.668512761585159937e-12 2.285845161664603470e-02
2.735225580624823842e-12 2.062855333384900486e-02
2.801938399664393640e-12 2.068777556466585080e-02
2.868651218704058353e-12 2.058516398514850451e-02
2.935364037743723066e-12 1.840361038056930951e-02
3.002076856783292863e-12 2.031975170173267939e-02
3.068789675822957172e-12 2.440874458539605413e-02
3.135502494862621481e-12 2.257176767481435670e-02
3.202215313902191278e-12 2.494682085396038307e-02
3.268928132941855991e-12 3.048119875464109368e-02
3.335640951981520704e-12 2.793597230816832061e-02
3.402353771021090502e-12 3.426356551670793615e-02
3.469066590060754811e-12 4.150535659034652880e-02
3.535779409100419524e-12 4.442090327196781402e-02
3.602492228139989321e-12 5.373462639232672033e-02
3.669205047179653630e-12 6.148101504486386260e-02
3.735917866219223024e-12 6.850779316212872450e-02
3.802630685258887737e-12 7.630554803527225816e-02
3.869343504298552450e-12 9.113382773824257876e-02
3.936056323338121843e-12 1.134068253016708161e-01
4.002769142377786556e-12 1.197526686262375961e-01
4.069481961417451269e-12 1.349058245668317002e-01
4.136194780457020662e-12 1.620714244275990035e-01
4.202907599496685375e-12 1.906826510287747412e-01
4.269620418536350088e-12 2.129742612933168133e-01
4.336333237575920289e-12 2.211350846998762221e-01
4.403046056615585002e-12 2.370842357673267065e-01
4.469758875655154396e-12 2.365778252629950895e-01
4.536471694694819109e-12 2.709935556543936475e-01
4.603184513734483014e-12 2.904650999767945940e-01
4.669897332774052407e-12 2.833667717357673532e-01
4.736610151813717120e-12 3.525307230430074767e-01
4.803322970853381833e-12 3.224579159576113629e-01
4.870035789892952035e-12 3.308730323715965982e-01
4.936748608932615940e-12 3.496276251160272408e-01
5.003461427972280653e-12 3.336793200804454851e-01
5.070174247011850854e-12 3.421176419399752922e-01
5.136887066051515567e-12 3.524525255259901013e-01
5.203599885091179472e-12 3.861458655631188064e-01
5.270312704130749673e-12 3.774116742728960694e-01
5.337025523170414386e-12 3.887476552831065080e-01
5.403738342209982972e-12 4.088029615949877460e-01
5.470451161249647685e-12 4.370426593440593921e-01
5.537163980289312398e-12 4.307342831451112519e-01
5.603876799328882599e-12 4.445434570312499223e-01
5.670589618368547312e-12 4.630128161741955961e-01
5.737302437408211217e-12 4.807005627320543040e-01
5.804015256447781418e-12 5.073332833771659889e-01
5.870728075487446131e-12 5.343213374071782429e-01
5.937440894527110844e-12 5.158749419863861707e-01
6.004153713566680238e-12 5.427050297803217571e-01
6.070866532606344951e-12 5.715664400912748855e-01
6.137579351645914344e-12 5.499771571395420944e-01
6.204292170685579057e-12 5.701696414758663511e-01
6.271004989725242962e-12 5.847607905321782207e-01
6.337717808764813164e-12 5.513989741259280875e-01
6.404430627804477877e-12 5.664787670173268008e-01
6.471143446844141782e-12 5.825959158415843220e-01
6.537856265883711983e-12 5.606519038134282207e-01
6.604569084923377504e-12 5.762714650371286718e-01
6.671281903963041409e-12 5.512036616259281541e-01
6.737994723002610802e-12 4.759279760983911034e-01
6.804707542042274707e-12 5.154837126779082679e-01
6.871420361081940228e-12 4.927711411277847509e-01
6.938133180121509622e-12 4.626293220142326801e-01
7.004845999161173527e-12 4.522487527073019153e-01
7.071558818200743728e-12 4.682169999226485357e-01
7.138271637240409249e-12 4.514403088258044372e-01
7.204984456280073154e-12 4.421789188196164067e-01
7.271697275319642547e-12 4.556062906095298404e-01
7.338410094359307260e-12 4.678310885287748633e-01
7.405122913398971166e-12 4.602390402614480180e-01
7.471835732438541367e-12 4.717681582611386593e-01
7.538548551478205272e-12 4.763030099396659556e-01
7.605261370517870793e-12 4.564409614789602943e-01
7.671974189557440994e-12 4.553461962407177599e-01
7.738687008597104899e-12 4.434954652691831534e-01
7.805399827636673485e-12 4.333850218517945052e-01
7.872112646676339006e-12 4.081816116181930520e-01
7.938825465716002911e-12 3.909033444848389882e-01
8.005538284755573112e-12 4.098617100479579056e-01
8.072251103795238633e-12 3.722700968827351575e-01
8.138963922834902538e-12 3.442253490485767120e-01
8.205676741874472739e-12 3.290642162360767342e-01
8.272389560914138260e-12 3.253213712484530062e-01
8.339102379953802165e-12 3.164699441135520042e-01
8.405815198993370751e-12 3.180210831141707661e-01
8.472528018033034656e-12 3.010236985612623761e-01
8.539240837072700177e-12 3.184419235380569480e-01
8.605953656112270378e-12 3.243172522818688064e-01
8.672666475151934283e-12 3.530445061107673754e-01
8.739379294191504484e-12 3.497527169709158668e-01
8.806092113231170005e-12 4.177102268332302804e-01
8.872804932270832295e-12 4.051192179764851464e-01
8.939517751310402496e-12 4.346539487933168688e-01
9.006230570350068017e-12 4.470837281482054060e-01
9.072943389389731922e-12 4.875991065903464983e-01
9.139656208429302123e-12 4.712895459467822401e-01
9.206369027468966028e-12 4.724577950959159556e-01
9.273081846508631549e-12 4.548437741723391770e-01
9.339794665548200134e-12 4.403058042620669466e-01
9.406507484587864040e-12 4.391593102181311492e-01
9.473220303627434241e-12 4.550633798731436030e-01
9.539933122667099762e-12 3.908827979965964761e-01
9.606645941706763667e-12 3.764040503171410812e-01
9.673358760746333868e-12 2.994047561494430632e-01
9.740071579785999389e-12 2.342905176748143747e-01
9.806784398825663294e-12 2.026578695467203262e-01
9.873497217865231880e-12 1.676106367961014976e-01
9.940210036904897400e-12 1.341450001933787162e-01
1.000692285594456131e-11 8.759306350556930743e-02
1.007363567498413151e-11 6.672194074876237890e-02
1.014034849402379541e-11 5.438776299504951423e-02
1.020706131306346093e-11 4.412720935179456627e-02
1.027377413210303113e-11 3.785339959777227203e-02
1.034048695114269504e-11 3.271327254795792366e-02
1.040719977018226362e-11 2.945882967202970854e-02
1.047391258922192915e-11 2.754172145730198265e-02
1.054062540826159305e-11 2.774174756342821097e-02
1.060733822730116325e-11 1.901891727258665440e-02
1.067405104634082877e-11 2.494742516243812422e-02
1.074076386538049268e-11 1.990096592667079528e-02
1.080747668442006288e-11 1.742330116800742262e-02
1.087418950345972678e-11 1.845352626082920680e-02
1.094090232249939069e-11 2.012987797803219431e-02
1.100761514153896089e-11 1.584327622215345871e-02
1.107432796057862480e-11 1.377811243038366482e-02
1.114104077961819500e-11 1.677161490563118529e-02
1.120775359865786052e-11 1.178957495358911624e-02
1.127446641769752442e-11 9.085536239170794240e-03
1.134117923673709462e-11 1.735682723545792228e-02
1.140789205577675853e-11 1.596558825804455725e-02
1.147460487481642243e-11 1.412184309251237821e-02
1.154131769385599264e-11 1.607629757116337335e-02
1.160803051289565816e-11 1.338507019647276405e-02
1.167474333193532206e-11 1.520814801206682790e-02
1.174145615097489226e-11 1.515025525990100139e-02
