0.000000000000000000e+00 2.290836749690594587e-02
1.334256380792816652e-13 1.532018680383663047e-02
2.668512761585159735e-13 1.272818688118813012e-02
4.002769142377976387e-13 2.465095142326732824e-02
5.337025523170319471e-13 2.270822052908417349e-02
6.671281903963136123e-13 2.574064047029706037e-02
8.005538284755478196e-13 1.752639619430692436e-02
9.339794665548295858e-13 1.992767636138612769e-02
1.067405104634063894e-12 1.931925858601485704e-02
1.200830742713345458e-12 1.976064549814354060e-02
1.334256380792627225e-12 1.478912051361385913e-02
1.467682018871861533e-12 1.511423847462871686e-02
1.601107656951143097e-12 2.472443533415841221e-02
1.734533295030377405e-12 2.811243038366339000e-02
1.867958933109659172e-12 2.906554571472773005e-02
2.001384571188893278e-12 3.448498414294555448e-02
2.134810209268175044e-12 3.522248220915841221e-02
2.268235847347456810e-12 4.401637917698018876e-02
2.401661485426690917e-12 4.114857286509900763e-02
2.535087123505972683e-12 4.935943301361386815e-02
2.668512761585207193e-12 6.367453395730196530e-02
2.801938399664488555e-12 6.611835744121288827e-02
2.935364037743723066e-12 7.685184289913364608e-02
3.068789675823004832e-12 7.361154084158412492e-02
3.202215313902238938e-12 6.413864286819306870e-02
3.335640951981520704e-12 6.867143989789606384e-02
3.469066590060802067e-12 6.116278620049506870e-02
3.602492228140036577e-12 5.775255259900990978e-02
3.735917866219318343e-12 7.654461246905940042e-02
3.869343504298552450e-12 7.538192295792078834e-02
4.002769142377834216e-12 8.856358292079205552e-02
4.136194780457069130e-12 1.147818688118811964e-01
4.269620418536350088e-12 1.460357363861386204e-01
4.403046056615585002e-12 1.570607402537128605e-01
4.536471694694865961e-12 1.819826635983910479e-01
4.669897332774147727e-12 1.864978148205445052e-01
4.803322970853381833e-12 1.789860187190594476e-01
4.936748608932664407e-12 1.583196356745049660e-01
5.070174247011897706e-12 1.564992168162128716e-01
5.203599885091179472e-12 1.314296004795792450e-01
5.337025523170414386e-12 1.237722868966583956e-01
5.470451161249695345e-12 1.114726755878713005e-01
5.603876799328977111e-12 1.034037070699257432e-01
5.737302437408211217e-12 9.414836014851483970e-02
5.870728075487492983e-12 1.095976272431930798e-01
6.004153713566727090e-12 1.067791325030940375e-01
6.137579351646009664e-12 1.105625870204208078e-01
6.271004989725242962e-12 1.045361811571782207e-01
6.404430627804525536e-12 9.985665802908416655e-02
6.537856265883759643e-12 9.584090733292080500e-02
6.671281903963041409e-12 7.970200340346533796e-02
6.804707542042322367e-12 7.500096689356436364e-02
6.938133180121557281e-12 7.720911007116335045e-02
7.071558818200839048e-12 7.150419631806934073e-02
7.204984456280073154e-12 7.393399984529702706e-02
7.338410094359354112e-12 7.179233060024753366e-02
7.471835732438589834e-12 5.819152227722773629e-02
7.605261370517870793e-12 5.559807201423268286e-02
7.738687008597104899e-12 4.846433129641090909e-02
7.872112646676387473e-12 4.891659576113861763e-02
8.005538284755668432e-12 5.143100247524754615e-02
8.138963922834902538e-12 4.907105700804455239e-02
8.272389560914183496e-12 4.971790880259900625e-02
8.405815198993419218e-12 4.332190787438120610e-02
8.539240837072700177e-12 4.924147199876238723e-02
8.672666475151934283e-12 3.877025642017327411e-02
8.806092113231215241e-12 3.341511641398514643e-02
8.939517751310497815e-12 3.441343401918316169e-02
9.072943389389731922e-12 3.862038791769802776e-02
9.206369027469012880e-12 3.433052289603957807e-02
9.339794665548248602e-12 3.583621789913365996e-02
9.473220303627529560e-12 4.279543432858910756e-02
9.606645941706763667e-12 4.602050781250000000e-02
9.740071579786044625e-12 4.040478999071783067e-02
9.873497217865280347e-12 2.907884050123762942e-02
1.000692285594456131e-11 2.074083384900990076e-02
1.014034849402384388e-11 1.898132928527226926e-02
1.027377413210307799e-11 2.090762298886138584e-02
1.040719977018235894e-11 1.967894299195546010e-02
1.054062540826159305e-11 1.988851717202969743e-02
1.067405104634087401e-11 1.193799311571782859e-02
1.080747668442010973e-11 1.911137646967822623e-02
1.094090232249939069e-11 1.327931621287128418e-02
1.107432796057862480e-11 1.594745900371287092e-02
1.120775359865790737e-11 2.724222617574257460e-02
1.134117923673718994e-11 2.605705638923265163e-02
1.147460487481642243e-11 1.297329439975248612e-02
1.160803051289570501e-11 1.724841429455446079e-02
